0 0.396233 0.525597 0.005447 0.006299
0 0.450316 0.685029 0.027303 0.030128
0 0.446998 0.773071 0.025887 0.030655
0 0.968263 0.663617 0.017871 0.018231
0 0.424258 0.819603 0.010452 0.011340
0 0.968614 0.599916 0.020174 0.022941
0 0.968095 0.641476 0.019182 0.017744
0 0.212631 0.863622 0.006061 0.005725
0 0.377346 0.525360 0.005447 0.006299
0 0.733556 0.629110 0.005093 0.005702
0 0.153802 0.863321 0.006665 0.005725
0 0.166424 0.863622 0.006665 0.005725
0 0.172938 0.863721 0.006665 0.005725
0 0.179852 0.863419 0.006665 0.005725
0 0.186871 0.863524 0.006665 0.005725
0 0.199498 0.862921 0.006665 0.005725
0 0.206917 0.863924 0.006665 0.005725
0 0.252723 0.864023 0.006665 0.005725
0 0.155461 0.993129 0.006665 0.005725
0 0.174002 0.987213 0.006659 0.005725
0 0.183924 0.986714 0.006665 0.005725
0 0.194150 0.991726 0.006665 0.005725
0 0.200061 0.994127 0.006665 0.005725
0 0.383553 0.788576 0.012361 0.013103
0 0.175467 0.521676 0.005447 0.006299
0 0.181952 0.521427 0.005447 0.006299
0 0.188535 0.521769 0.005447 0.006299
0 0.200658 0.522984 0.005447 0.006305
0 0.206894 0.522813 0.005447 0.006299
0 0.224907 0.522813 0.005441 0.006299
0 0.236511 0.510168 0.005447 0.006299
0 0.244481 0.510513 0.005447 0.006305
0 0.335583 0.512071 0.005447 0.006299
0 0.236743 0.523794 0.005447 0.006299
0 0.242755 0.523672 0.005441 0.006299
0 0.248889 0.523434 0.005447 0.006299
0 0.267172 0.523312 0.005447 0.006299
0 0.273785 0.524519 0.005447 0.006299
0 0.279440 0.523672 0.005447 0.006299
0 0.285693 0.523915 0.005447 0.006299
0 0.292311 0.524037 0.005447 0.006299
0 0.303854 0.524635 0.005447 0.006299
0 0.274991 0.511166 0.005447 0.006299
0 0.322259 0.524878 0.005447 0.006299
0 0.316122 0.524519 0.005447 0.006299
0 0.328274 0.525116 0.005447 0.006299
0 0.334649 0.525238 0.005447 0.006299
0 0.340542 0.525116 0.005447 0.006299
0 0.352451 0.525116 0.005447 0.006299
0 0.359307 0.525116 0.005447 0.006299
0 0.364719 0.525116 0.005447 0.006299
0 0.383721 0.525360 0.005447 0.006299
0 0.389492 0.525719 0.005447 0.006299
