0 0.402295 0.160259 0.005975 0.005423
0 0.455982 0.099097 0.006422 0.005793
0 0.472648 0.100246 0.005712 0.005601
0 0.358404 0.154771 0.005971 0.004960
0 0.372153 0.154928 0.006260 0.004858
0 0.438071 0.161634 0.005797 0.005470
0 0.495888 0.114482 0.005937 0.005342
0 0.478549 0.103653 0.005954 0.005538
0 0.512966 0.059431 0.006417 0.006060
0 0.465119 0.134877 0.005682 0.005521
0 0.378370 0.138819 0.006099 0.005363
0 0.468908 0.159486 0.006137 0.005805
0 0.373908 0.126570 0.006209 0.005287
0 0.476549 0.163827 0.006596 0.006048
0 0.356020 0.277401 0.006422 0.005793
0 0.365208 0.154870 0.005937 0.004479
0 0.356736 0.174779 0.006953 0.005504
0 0.486428 0.068498 0.006209 0.005657
0 0.455161 0.150501 0.006260 0.005984
0 0.470283 0.116917 0.005835 0.005385
0 0.487601 0.127767 0.005980 0.005300
0 0.504664 0.080110 0.008598 0.007896
0 0.360102 0.126515 0.006987 0.005856
0 0.523440 0.071122 0.005461 0.006664
0 0.501900 0.117867 0.006086 0.005355
0 0.472187 0.139133 0.005691 0.005661
0 0.349411 0.277374 0.006014 0.005440
0 0.452195 0.170608 0.006456 0.005584
0 0.409817 0.160540 0.006868 0.005338
0 0.412911 0.174099 0.006953 0.005580
0 0.493859 0.047745 0.005329 0.005623
0 0.405395 0.173674 0.006541 0.005393
0 0.464044 0.113151 0.005920 0.005419
0 0.457722 0.130357 0.005941 0.005720
0 0.360926 0.142333 0.006298 0.005270
0 0.397646 0.173309 0.006392 0.005240
0 0.368119 0.142252 0.006099 0.004947
0 0.368153 0.248455 0.006422 0.005793
0 0.352578 0.256517 0.006422 0.005793
0 0.452463 0.097690 0.006422 0.005793
