0 0.098253 0.314865 0.005876 0.006173
0 0.095185 0.306633 0.005876 0.006173
0 0.101482 0.306794 0.005876 0.006173
0 0.151830 0.325676 0.005876 0.006173
0 0.134077 0.305504 0.005876 0.006173
0 0.128591 0.305988 0.005876 0.006173
0 0.123266 0.306310 0.005876 0.006173
0 0.118102 0.307278 0.005876 0.006173
0 0.108419 0.303081 0.005876 0.006173
0 0.115915 0.344698 0.005715 0.005798
0 0.107613 0.323024 0.005772 0.006048
0 0.154267 0.365793 0.005871 0.005887
0 0.103305 0.335868 0.005715 0.005975
0 0.112369 0.326739 0.006048 0.006063
0 0.107694 0.339987 0.005725 0.006225
0 0.097780 0.331461 0.005772 0.006261
0 0.092205 0.326698 0.006271 0.006147
0 0.148164 0.360905 0.005731 0.006022
0 0.103157 0.319124 0.005876 0.006173
0 0.151838 0.355515 0.006578 0.006006
0 0.160772 0.371594 0.005954 0.005923
0 0.118339 0.329857 0.005829 0.006162
0 0.136461 0.413240 0.004477 0.004139
