0 0.595885 0.039128 0.005087 0.005699
0 0.590200 0.031557 0.005087 0.005699
0 0.590200 0.025064 0.005087 0.005699
0 0.590740 0.017893 0.005087 0.005699
0 0.574771 0.023304 0.005087 0.005704
0 0.575310 0.017354 0.005087 0.005699
0 0.574904 0.010319 0.005087 0.005704
0 0.577613 0.013971 0.005087 0.005704
0 0.563083 0.078278 0.008045 0.009020
0 0.225937 0.005316 0.006932 0.007003
0 0.578289 0.019110 0.005093 0.005699
0 0.665441 0.030423 0.009733 0.009704
0 0.714318 0.050330 0.016502 0.018029
0 0.562668 0.089029 0.008689 0.009536
0 0.575299 0.077499 0.005087 0.005699
0 0.577436 0.067919 0.005093 0.005704
0 0.577213 0.060704 0.005087 0.005699
0 0.574168 0.047406 0.005087 0.005699
0 0.578002 0.038049 0.005087 0.005699
0 0.578002 0.031846 0.005087 0.005699
0 0.574504 0.029145 0.005087 0.005699
0 0.589168 0.045261 0.005087 0.005699
0 0.596291 0.045081 0.005087 0.005699
