0 0.478234 0.812516 0.005784 0.005584
0 0.482344 0.872799 0.005359 0.005861
0 0.483451 0.816974 0.005448 0.005703
0 0.467722 0.824507 0.005516 0.005742
0 0.479494 0.836543 0.005533 0.005555
0 0.440954 0.888649 0.006107 0.006128
0 0.475697 0.866717 0.005614 0.005750
0 0.473680 0.830850 0.005227 0.005210
0 0.401126 0.974105 0.005576 0.007021
0 0.473604 0.824817 0.005329 0.005793
0 0.488536 0.822027 0.006600 0.006511
0 0.471632 0.879433 0.005355 0.005487
0 0.469507 0.860720 0.005533 0.005555
0 0.479996 0.830742 0.005533 0.005555
0 0.433906 0.859679 0.005533 0.006014
0 0.799630 0.747716 0.005533 0.007331
0 0.473702 0.802357 0.005669 0.005750
0 0.489227 0.845040 0.006477 0.006825
0 0.493266 0.826972 0.005198 0.005487
0 0.461596 0.851966 0.006014 0.005937
