0 0.143605 0.749733 0.005531 0.007109
0 0.391050 0.644439 0.005663 0.006731
0 0.313464 0.703929 0.005825 0.006059
0 0.311221 0.720774 0.005825 0.006059
0 0.314886 0.720270 0.005825 0.006059
0 0.320387 0.720270 0.005825 0.006059
0 0.285801 0.764181 0.006323 0.007211
0 0.174613 0.812636 0.006311 0.007528
0 0.164130 0.819025 0.005633 0.005861
0 0.164610 0.861245 0.005633 0.005861
0 0.161695 0.856941 0.005633 0.005867
0 0.160648 0.863542 0.005759 0.006569
0 0.084610 0.841941 0.005633 0.005861
0 0.086278 0.838467 0.005633 0.005861
0 0.086833 0.846662 0.005627 0.005861
0 0.086833 0.854439 0.005627 0.005867
0 0.071278 0.864994 0.005627 0.005861
0 0.071416 0.858188 0.005627 0.005867
0 0.085030 0.858884 0.005633 0.005867
0 0.083083 0.919577 0.005627 0.005861
0 0.083638 0.926383 0.005633 0.005867
0 0.114328 0.903419 0.005897 0.006839
0 0.131107 0.990102 0.005633 0.005867
0 0.528908 0.400723 0.005891 0.006833
0 0.529058 0.407597 0.005891 0.006833
0 0.517163 0.387945 0.012945 0.016419
0 0.156707 0.512103 0.006671 0.006437
0 0.145945 0.508425 0.006227 0.005825
0 0.139946 0.506758 0.006251 0.005681
0 0.134547 0.504850 0.006227 0.005825
0 0.097972 0.492355 0.006227 0.005825
0 0.050522 0.462031 0.006227 0.005825
0 0.096815 0.500915 0.006227 0.005825
0 0.094850 0.511221 0.006233 0.005825
0 0.108035 0.513311 0.005981 0.005147
0 0.113485 0.514691 0.005975 0.005147
0 0.118230 0.513533 0.005975 0.005147
0 0.125405 0.518740 0.005975 0.005147
0 0.131656 0.520477 0.005975 0.005153
0 0.153761 0.549760 0.005975 0.005147
0 0.154109 0.559712 0.005975 0.005147
0 0.146935 0.554157 0.005975 0.005147
0 0.145198 0.559364 0.005981 0.005147
0 0.150138 0.571299 0.005183 0.004853
0 0.144592 0.570801 0.005177 0.004853
0 0.141458 0.573854 0.005183 0.004853
0 0.144511 0.574097 0.005183 0.004859
0 0.147244 0.574820 0.005177 0.004853
0 0.152789 0.574418 0.005183 0.004853
0 0.143452 0.588542 0.005597 0.005039
0 0.157244 0.592537 0.005597 0.005039
0 0.160123 0.588518 0.005597 0.005039
0 0.166152 0.588650 0.005597 0.005039
0 0.150945 0.603587 0.005597 0.005039
0 0.156638 0.604595 0.005597 0.005039
0 0.162600 0.604523 0.005597 0.005039
0 0.167957 0.607876 0.005597 0.005039
0 0.160393 0.608476 0.005597 0.005039
0 0.147933 0.607073 0.005597 0.005039
0 0.143446 0.607606 0.005597 0.005039
0 0.140162 0.603719 0.005603 0.005039
0 0.122475 0.644490 0.005681 0.005441
0 0.131200 0.748632 0.005987 0.006395
0 0.331890 0.893410 0.006215 0.006317
0 0.391122 0.605699 0.005663 0.006731
0 0.597888 0.554307 0.005663 0.006731
0 0.603485 0.540108 0.005663 0.006731
0 0.607217 0.533473 0.005663 0.006731
0 0.156953 0.778698 0.004535 0.006803
0 0.175732 0.826722 0.004805 0.006797
0 0.374067 0.617684 0.005939 0.006959
0 0.156752 0.745489 0.004841 0.007163
0 0.169988 0.558095 0.007115 0.006977
0 0.144259 0.774490 0.005207 0.006713
0 0.144499 0.782885 0.005123 0.006923
0 0.088014 0.875066 0.006311 0.007528
0 0.316182 0.367570 0.008620 0.009874
0 0.175885 0.840717 0.005123 0.006641
0 0.176221 0.861656 0.005795 0.006599
0 0.144613 0.791014 0.004991 0.007187
0 0.175930 0.868410 0.005357 0.006815
0 0.368707 0.613293 0.006413 0.007774
0 0.144949 0.799208 0.005219 0.007055
0 0.141932 0.523467 0.006851 0.006443
0 0.175489 0.833428 0.005219 0.006929
0 0.390504 0.613773 0.005663 0.006731
0 0.157615 0.786653 0.005009 0.007067
0 0.169268 0.542849 0.007019 0.006827
0 0.157957 0.795186 0.005681 0.007289
0 0.158530 0.539982 0.007810 0.006923
0 0.159487 0.520189 0.005993 0.007169
0 0.170456 0.758845 0.005999 0.007648
0 0.156851 0.770213 0.005039 0.006929
0 0.157064 0.737004 0.005429 0.006977
0 0.131551 0.757558 0.005693 0.007331
0 0.169595 0.733971 0.006161 0.007235
0 0.175687 0.847633 0.006191 0.007277
0 0.156515 0.753761 0.004967 0.006923
