0 0.782468 0.563018 0.004827 0.006037
0 0.734495 0.856998 0.018753 0.014784
0 0.687819 0.834865 0.019384 0.016361
0 0.896620 0.558053 0.010713 0.011712
0 0.669771 0.828056 0.019347 0.014946
0 0.719560 0.849249 0.017694 0.014687
0 0.652819 0.820067 0.019698 0.014789
0 0.704195 0.843140 0.018272 0.014962
0 0.636606 0.813367 0.019282 0.014779
0 0.857279 0.581304 0.009449 0.008828
0 0.995151 0.565159 0.005810 0.007154
0 0.785772 0.557808 0.005022 0.006415
0 0.788078 0.570945 0.004827 0.006037
0 0.789079 0.564730 0.004822 0.006037
0 0.790985 0.558315 0.004822 0.006037
0 0.876571 0.556358 0.006037 0.005319
0 0.868464 0.555410 0.004660 0.004428
0 0.860853 0.554368 0.005076 0.005108
0 0.852813 0.552813 0.006037 0.004849
0 0.845516 0.547235 0.005664 0.004114
0 0.854530 0.548094 0.004654 0.004428
0 0.844919 0.552106 0.004654 0.004428
0 0.836639 0.550823 0.006420 0.005049
