0 0.660586 0.824926 0.018992 0.015052
0 0.791240 0.560926 0.006305 0.006365
0 0.796311 0.556981 0.006311 0.006365
0 0.795278 0.573605 0.006305 0.006360
0 0.797439 0.567313 0.006311 0.005428
0 0.870049 0.530213 0.006311 0.005428
0 0.843185 0.554447 0.006305 0.005428
0 0.843937 0.548245 0.006305 0.005428
0 0.851826 0.550218 0.006311 0.005428
0 0.851262 0.554349 0.006305 0.005428
0 0.859153 0.555569 0.006305 0.005428
0 0.861313 0.550594 0.006311 0.005428
0 0.867888 0.552752 0.006305 0.005428
0 0.867327 0.557722 0.006305 0.005428
0 0.644008 0.818501 0.018207 0.015183
0 0.906755 0.562847 0.007940 0.008507
0 0.727240 0.854439 0.016768 0.014796
0 0.914959 0.564003 0.006910 0.007842
0 0.741542 0.861826 0.017188 0.014888
0 0.695063 0.840490 0.018496 0.014670
0 0.712063 0.848153 0.017215 0.014638
0 0.677076 0.832905 0.018262 0.015978
