0 0.352429 0.558879 0.005746 0.006886
0 0.442903 0.583783 0.004682 0.006356
0 0.361656 0.581075 0.004682 0.006356
0 0.363711 0.584997 0.004682 0.006356
0 0.404615 0.578555 0.004682 0.006356
0 0.406857 0.582477 0.004682 0.006356
0 0.403122 0.584997 0.004682 0.006356
0 0.405733 0.589106 0.004682 0.006356
0 0.402095 0.590412 0.004682 0.006356
0 0.412833 0.580947 0.005902 0.005554
0 0.417504 0.589572 0.005902 0.006795
0 0.420773 0.575752 0.005902 0.006795
0 0.406948 0.571364 0.005902 0.006795
0 0.324797 0.671124 0.003900 0.005746
0 0.307475 0.680886 0.004173 0.006415
0 0.307384 0.673229 0.004173 0.006415
0 0.304114 0.669398 0.004173 0.006415
0 0.304864 0.677338 0.004173 0.006415
0 0.315238 0.712651 0.006592 0.006629
0 0.304655 0.684278 0.004173 0.006415
0 0.428978 0.614706 0.006196 0.006961
0 0.366458 0.571883 0.004922 0.006067
0 0.377113 0.577887 0.005163 0.006292
0 0.351450 0.575471 0.005276 0.006554
0 0.440572 0.590276 0.006196 0.006961
0 0.368173 0.565027 0.005399 0.006683
0 0.365278 0.578892 0.004682 0.006356
0 0.313398 0.706434 0.006592 0.006629
0 0.409131 0.560235 0.005902 0.006795
0 0.312697 0.590811 0.006463 0.006351
0 0.319430 0.592402 0.006501 0.006153
0 0.331830 0.595179 0.006816 0.006153
