0 0.239609 0.077402 0.005490 0.004885
0 0.282592 0.099997 0.006297 0.006565
0 0.295024 0.006487 0.006164 0.006158
0 0.240677 0.082164 0.005484 0.004885
0 0.284497 0.021533 0.005591 0.005313
0 0.299719 0.025013 0.005591 0.005318
0 0.300805 0.029361 0.005591 0.005313
0 0.295155 0.026699 0.005591 0.005318
0 0.293850 0.021533 0.005591 0.005313
0 0.283293 0.016659 0.005591 0.005313
0 0.272416 0.011380 0.008727 0.006667
0 0.301094 0.009411 0.006565 0.006506
0 0.306070 0.011771 0.006565 0.006506
0 0.322873 0.039714 0.007972 0.006715
0 0.216881 0.116121 0.006239 0.006164
0 0.343852 0.011568 0.008529 0.008646
0 0.222753 0.119438 0.006469 0.006635
0 0.213909 0.130214 0.005591 0.004783
0 0.209805 0.131744 0.005591 0.004783
0 0.219106 0.133427 0.006378 0.006736
0 0.289294 0.003566 0.006613 0.006629
0 0.275896 0.096094 0.006367 0.006421
0 0.255645 0.086396 0.006506 0.006522
0 0.268727 0.092410 0.006346 0.006490
0 0.228727 0.122154 0.006378 0.006736
0 0.310388 0.030262 0.006533 0.006281
0 0.228550 0.106439 0.007116 0.006875
0 0.262501 0.089211 0.006362 0.006362
0 0.234674 0.109390 0.006533 0.006410
