0 0.695183 0.174196 0.006311 0.007891
0 0.698916 0.160959 0.006311 0.007891
0 0.652924 0.170469 0.005662 0.005798
0 0.602741 0.213076 0.005657 0.005804
0 0.604907 0.206450 0.005662 0.005804
0 0.605311 0.200768 0.005662 0.005798
0 0.580842 0.164362 0.011635 0.010937
0 0.559000 0.150771 0.012213 0.011166
0 0.606801 0.195223 0.005657 0.005804
0 0.608965 0.189406 0.005657 0.005798
0 0.610183 0.184401 0.005662 0.005804
0 0.521719 0.190460 0.006578 0.006992
0 0.594490 0.193193 0.005657 0.005798
0 0.589891 0.204962 0.005657 0.005804
0 0.612210 0.179801 0.005662 0.005804
0 0.587728 0.213752 0.005657 0.005804
0 0.594357 0.210373 0.005662 0.005804
0 0.619245 0.160324 0.005662 0.005804
0 0.613970 0.171147 0.005662 0.005804
0 0.596790 0.178450 0.005657 0.005804
0 0.595302 0.187376 0.005657 0.005804
0 0.599496 0.169387 0.005662 0.005804
0 0.600929 0.161894 0.005662 0.005804
0 0.526997 0.194894 0.005929 0.006409
0 0.583698 0.153087 0.010894 0.011210
0 0.712787 0.186766 0.006131 0.006730
0 0.693074 0.182480 0.006311 0.007891
