0 0.916715 0.047505 0.005996 0.005235
0 0.909408 0.047669 0.005996 0.005235
0 0.912979 0.051241 0.005996 0.005235
0 0.915606 0.100992 0.006635 0.005517
0 0.918233 0.082072 0.006100 0.005282
0 0.904645 0.024582 0.006198 0.005404
0 0.910519 0.068924 0.006414 0.005141
0 0.908379 0.027949 0.006419 0.005268
0 0.914605 0.086786 0.005996 0.005235
0 0.921259 0.086137 0.005996 0.005235
0 0.907303 0.007768 0.006635 0.005395
0 0.911252 0.082493 0.006367 0.005117
0 0.917667 0.068757 0.006602 0.005465
0 0.915258 0.027486 0.005996 0.005235
0 0.914483 0.009814 0.006983 0.005710
