0 0.885130 0.517880 0.036898 0.033707
0 0.983352 0.483233 0.032952 0.030183
0 0.879292 0.049170 0.033291 0.030705
0 0.839104 0.115785 0.035122 0.033069
0 0.807658 0.067628 0.030688 0.031315
0 0.965036 0.141440 0.022514 0.031593
0 0.801265 0.217531 0.031221 0.035716
0 0.950053 0.014581 0.028629 0.028862
0 0.837100 0.158812 0.030782 0.035017
0 0.986102 0.021701 0.027542 0.032403
0 0.903510 0.191451 0.031726 0.035544
0 0.914567 0.585835 0.018024 0.021149
0 0.902159 0.485710 0.037259 0.033740
0 0.898574 0.571401 0.018024 0.018352
0 0.899939 0.571235 0.015327 0.015133
0 0.594969 0.135952 0.038818 0.035366
0 0.835566 0.231701 0.032020 0.034689
0 0.892453 0.007092 0.019212 0.014118
0 0.992858 0.179040 0.014284 0.019145
0 0.991340 0.548776 0.017320 0.044412
0 0.881906 0.021731 0.026665 0.021509
0 0.964628 0.088940 0.017292 0.018158
0 0.982023 0.196362 0.018474 0.019262
0 0.937852 0.077161 0.017736 0.020660
0 0.672314 0.125225 0.019678 0.025078
0 0.870691 0.174356 0.030771 0.038280
