0 0.160155 0.547375 0.015558 0.015416
0 0.061510 0.031204 0.012215 0.013196
0 0.352118 0.313821 0.030555 0.034023
0 0.257871 0.403818 0.021483 0.022186
0 0.282413 0.156246 0.018873 0.021204
0 0.205130 0.516759 0.019123 0.024073
0 0.326655 0.814822 0.018018 0.023352
0 0.379395 0.203582 0.023354 0.026831
0 0.009761 0.447558 0.019522 0.028335
0 0.281899 0.445610 0.020011 0.026715
0 0.086768 0.084656 0.015147 0.018335
0 0.378962 0.257958 0.020344 0.025339
0 0.323520 0.281448 0.019889 0.025006
0 0.304572 0.119062 0.022338 0.020832
0 0.203226 0.126995 0.019678 0.016964
0 0.081724 0.642267 0.018717 0.020527
0 0.278939 0.349231 0.025408 0.024556
0 0.309328 0.389831 0.017990 0.023479
0 0.234031 0.399445 0.016835 0.018368
0 0.261682 0.337628 0.019278 0.020516
0 0.117077 0.088360 0.015775 0.018074
0 0.239506 0.329323 0.019023 0.022531
0 0.305372 0.161593 0.017252 0.019012
0 0.102182 0.144678 0.015647 0.016448
0 0.338831 0.139129 0.015852 0.017170
0 0.181080 0.509667 0.019517 0.017070
0 0.007290 0.550483 0.014581 0.036448
0 0.028903 0.427139 0.017640 0.019007
0 0.062951 0.631532 0.017929 0.019545
0 0.053145 0.085766 0.014708 0.012619
0 0.264836 0.173432 0.017368 0.018663
0 0.344464 0.218288 0.016280 0.014867
0 0.261705 0.261307 0.014747 0.016876
0 0.125577 0.147658 0.019206 0.021887
0 0.283526 0.263929 0.014159 0.016027
0 0.064386 0.070624 0.014747 0.015666
0 0.071410 0.115724 0.015791 0.016432
0 0.180253 0.094353 0.017851 0.021071
0 0.244770 0.271224 0.016224 0.016276
0 0.330336 0.200749 0.016841 0.015583
0 0.116008 0.620899 0.014059 0.012986
0 0.105103 0.015871 0.012215 0.013196
0 0.228992 0.207877 0.015952 0.016343
0 0.045000 0.621368 0.022360 0.017752
0 0.206713 0.449251 0.022998 0.018713
0 0.217685 0.317303 0.018046 0.018446
