0 0.700435 0.651917 0.019790 0.020282
0 0.748833 0.575600 0.017834 0.020474
0 0.782843 0.577118 0.020276 0.022597
0 0.797822 0.634496 0.023791 0.019670
0 0.607741 0.615633 0.015039 0.015033
0 0.628917 0.661872 0.019706 0.015789
0 0.742130 0.658728 0.018500 0.019856
0 0.604754 0.658173 0.019502 0.015123
0 0.769139 0.577960 0.018362 0.022615
0 0.633779 0.642960 0.017888 0.016503
0 0.802175 0.579058 0.017834 0.018944
0 0.610825 0.637894 0.016803 0.016209
0 0.821701 0.582112 0.017499 0.019328
0 0.807585 0.678422 0.016935 0.019052
0 0.810999 0.589601 0.016755 0.017343
0 0.751077 0.671014 0.017091 0.018608
0 0.788581 0.675567 0.015939 0.018620
0 0.769931 0.672831 0.016551 0.018476
0 0.800090 0.667394 0.017828 0.018890
0 0.762343 0.662115 0.016635 0.018902
0 0.780555 0.665051 0.016275 0.017804
