0 0.829339 0.788150 0.005857 0.006103
0 0.777874 0.063344 0.019870 0.016526
0 0.810717 0.800216 0.005691 0.005626
0 0.823306 0.791661 0.005578 0.005707
0 0.903201 0.865974 0.014921 0.015972
0 0.802188 0.063384 0.020643 0.016805
0 0.776919 0.041467 0.021107 0.016625
0 0.801190 0.040950 0.020202 0.016535
0 0.817258 0.796168 0.005682 0.005747
0 0.866302 0.333497 0.015232 0.016418
0 0.893695 0.832730 0.012933 0.012876
0 0.879602 0.832228 0.011700 0.011665
0 0.769229 0.453402 0.012231 0.009109
0 0.746026 0.496229 0.007427 0.007462
0 0.804298 0.804806 0.006284 0.005986
0 0.944276 0.073470 0.016829 0.015482
0 0.738659 0.496487 0.007377 0.007601
0 0.885749 0.865232 0.008250 0.006341
0 0.869064 0.107889 0.007386 0.008470
0 0.987521 0.069338 0.006064 0.006085
0 0.808905 0.181733 0.008812 0.012070
0 0.863911 0.867559 0.006761 0.005198
0 0.871235 0.866190 0.006176 0.004910
0 0.782674 0.567043 0.008039 0.006877
0 0.757533 0.237952 0.011574 0.008317
0 0.871287 0.664086 0.009600 0.010621
0 0.817587 0.467288 0.011871 0.010158
0 0.795576 0.114433 0.020643 0.016805
0 0.952503 0.035122 0.007004 0.006085
0 0.948668 0.031832 0.006064 0.006085
0 0.953599 0.025023 0.006064 0.006085
0 0.953756 0.019388 0.006064 0.006085
0 0.978435 0.051220 0.006064 0.006085
0 0.986383 0.050405 0.006064 0.006085
0 0.994008 0.045698 0.006064 0.006085
0 0.995956 0.051058 0.006064 0.006085
0 0.991251 0.056251 0.006064 0.006085
0 0.986059 0.057876 0.006064 0.006085
0 0.980216 0.059982 0.006064 0.006085
0 0.976752 0.063256 0.006910 0.006791
0 0.994265 0.065743 0.006064 0.006085
0 0.981687 0.071346 0.006064 0.006085
0 0.977368 0.074757 0.006064 0.006085
0 0.972753 0.069559 0.006064 0.006085
0 0.965146 0.064446 0.006064 0.006085
0 0.969793 0.075365 0.006064 0.006787
0 0.961642 0.075277 0.006064 0.008042
0 0.954750 0.075000 0.006064 0.007966
0 0.956203 0.065504 0.006064 0.006085
0 0.942785 0.036631 0.008178 0.010176
0 0.943590 0.048447 0.011336 0.014536
0 0.954334 0.044332 0.014049 0.008186
0 0.953684 0.053099 0.008403 0.007502
0 0.942542 0.060452 0.010823 0.013029
0 0.962346 0.052243 0.017179 0.019815
0 0.798066 0.809091 0.005614 0.005797
