0 0.426035 0.669557 0.007657 0.007099
0 0.629957 0.806472 0.006014 0.005220
0 0.515412 0.813255 0.007291 0.006113
0 0.373769 0.661987 0.008655 0.008648
0 0.416789 0.687368 0.007092 0.007210
0 0.520344 0.822126 0.006007 0.006584
0 0.550865 0.788884 0.006578 0.008047
0 0.555046 0.781020 0.007154 0.008115
0 0.381079 0.652812 0.010155 0.010682
0 0.423304 0.690573 0.007278 0.007334
0 0.404681 0.681655 0.006770 0.007043
0 0.558029 0.773308 0.007526 0.007756
0 0.418165 0.666705 0.008022 0.007471
0 0.329988 0.799659 0.005865 0.005518
0 0.326135 0.794200 0.005387 0.006144
0 0.307781 0.798239 0.007130 0.006745
0 0.484296 0.885335 0.006014 0.005226
0 0.478574 0.885335 0.006014 0.005226
0 0.472604 0.885710 0.006014 0.005220
0 0.459789 0.885211 0.006014 0.005226
0 0.447725 0.885834 0.006014 0.005220
0 0.444613 0.875012 0.006014 0.005226
0 0.450961 0.874516 0.006014 0.005226
0 0.457303 0.874265 0.006014 0.005220
0 0.466007 0.871404 0.006014 0.005226
0 0.471733 0.871156 0.006007 0.005226
0 0.477951 0.871032 0.006007 0.005226
0 0.484420 0.870784 0.006014 0.005226
0 0.565400 0.797021 0.006014 0.005226
0 0.206646 0.754616 0.006522 0.005983
0 0.151931 0.700456 0.007607 0.008016
0 0.163676 0.688156 0.005270 0.005859
0 0.168413 0.689262 0.005270 0.005852
0 0.197932 0.675670 0.005995 0.006627
0 0.185945 0.673850 0.006150 0.005232
0 0.206593 0.720620 0.006144 0.005232
0 0.207650 0.725468 0.006150 0.005232
0 0.210325 0.730945 0.006516 0.005983
0 0.217167 0.735050 0.006522 0.005983
0 0.243038 0.695620 0.006522 0.005983
0 0.239557 0.689774 0.006516 0.005983
0 0.238063 0.682929 0.006516 0.005983
0 0.235201 0.676711 0.006522 0.005983
0 0.232340 0.670369 0.006516 0.005983
0 0.179848 0.676711 0.006516 0.005983
0 0.198881 0.652706 0.006516 0.005983
0 0.210319 0.662477 0.006516 0.005983
0 0.345356 0.612223 0.007278 0.007334
0 0.435896 0.654783 0.007278 0.007334
0 0.436913 0.718199 0.006435 0.005635
0 0.409681 0.718754 0.006429 0.005642
0 0.402579 0.719194 0.005418 0.005270
0 0.395803 0.718813 0.005418 0.005276
0 0.653159 0.739764 0.006243 0.005803
0 0.641640 0.804538 0.006243 0.005803
0 0.643199 0.798137 0.005852 0.006454
0 0.657815 0.794076 0.006503 0.005400
0 0.664461 0.793875 0.005276 0.005617
0 0.662905 0.788797 0.005276 0.005617
0 0.657722 0.788382 0.005276 0.005617
0 0.663524 0.782889 0.005276 0.005617
0 0.662285 0.777396 0.005276 0.005617
0 0.656785 0.776773 0.005276 0.005623
0 0.655856 0.782058 0.005276 0.005617
0 0.606401 0.857960 0.005425 0.004848
0 0.570623 0.785821 0.005276 0.005617
0 0.576593 0.773509 0.005276 0.005617
0 0.573184 0.790797 0.006020 0.007111
0 0.599541 0.808162 0.005381 0.007111
0 0.633813 0.775750 0.006014 0.005226
0 0.623738 0.806596 0.006014 0.005220
0 0.429501 0.693515 0.006975 0.007018
0 0.447511 0.685896 0.008562 0.008481
0 0.414476 0.704389 0.007526 0.006782
0 0.520245 0.863317 0.006007 0.006584
0 0.518122 0.800924 0.006534 0.005220
0 0.511785 0.801621 0.006534 0.005214
0 0.480936 0.801621 0.006534 0.005214
0 0.468748 0.802244 0.006534 0.005220
0 0.462030 0.802244 0.006528 0.005220
0 0.465139 0.813686 0.006534 0.005214
0 0.471733 0.813686 0.006528 0.005214
0 0.456060 0.816671 0.006528 0.005220
0 0.457179 0.828738 0.006534 0.005214
0 0.480316 0.816922 0.006534 0.005214
0 0.484048 0.813190 0.006534 0.005214
0 0.487030 0.815927 0.006534 0.005220
0 0.499222 0.816671 0.006528 0.005220
0 0.502706 0.813066 0.006528 0.005214
0 0.487390 0.828627 0.005257 0.004991
0 0.489392 0.841302 0.005257 0.004997
0 0.501587 0.841553 0.005257 0.004991
0 0.508549 0.840679 0.005257 0.004991
0 0.514272 0.840183 0.005257 0.004991
0 0.518010 0.856841 0.006014 0.005226
0 0.511026 0.856593 0.005722 0.005226
0 0.504569 0.856851 0.006014 0.005220
0 0.497855 0.857102 0.006014 0.005226
0 0.490267 0.857226 0.006014 0.005226
0 0.499721 0.873394 0.006014 0.005226
0 0.517880 0.873270 0.006014 0.005226
0 0.533056 0.883345 0.006014 0.005226
0 0.612424 0.823376 0.005530 0.006193
0 0.496857 0.884343 0.006014 0.005226
0 0.501959 0.884467 0.006014 0.005226
0 0.508552 0.884591 0.006007 0.005226
0 0.491135 0.884839 0.006014 0.005226
0 0.848958 0.785307 0.005865 0.005518
0 0.850927 0.779219 0.005871 0.005518
0 0.853974 0.769724 0.005865 0.005524
0 0.356472 0.790158 0.005096 0.006293
0 0.363205 0.791017 0.005865 0.005518
0 0.354126 0.795369 0.005871 0.005518
0 0.344172 0.799476 0.005865 0.005524
0 0.334969 0.799476 0.005871 0.005524
