0 0.381560 0.811691 0.005420 0.004655
0 0.308842 0.963922 0.003922 0.004377
0 0.296340 0.992087 0.003917 0.004377
0 0.545572 0.570813 0.005602 0.005543
0 0.538997 0.570423 0.005602 0.005543
0 0.532657 0.568545 0.005602 0.005543
0 0.525219 0.568309 0.005602 0.005543
0 0.518692 0.567052 0.005602 0.005543
0 0.424278 0.915345 0.004789 0.006346
0 0.420741 0.923462 0.005099 0.006346
0 0.278138 0.997940 0.005597 0.004120
0 0.384109 0.798293 0.004601 0.004484
0 0.378323 0.795482 0.004906 0.004971
0 0.393435 0.818085 0.005532 0.004922
0 0.382402 0.816923 0.004912 0.005104
0 0.346158 0.946247 0.006699 0.006629
0 0.375270 0.808788 0.005051 0.005110
0 0.360979 0.822402 0.005532 0.004922
0 0.361921 0.828119 0.005532 0.004917
0 0.368103 0.831014 0.005538 0.004917
0 0.367164 0.825302 0.005532 0.004922
0 0.386498 0.839706 0.005538 0.004922
0 0.391196 0.837277 0.005538 0.004922
0 0.384853 0.859037 0.005532 0.004922
0 0.376271 0.875835 0.005532 0.004917
0 0.381273 0.873007 0.005532 0.004922
0 0.315535 0.931447 0.005388 0.005270
0 0.300607 0.990147 0.005602 0.005795
0 0.316388 0.998127 0.007138 0.003745
0 0.396281 0.822349 0.004655 0.005104
0 0.346046 0.860209 0.005308 0.005318
0 0.376792 0.789518 0.005463 0.005875
0 0.382978 0.792188 0.005463 0.005425
0 0.389160 0.794928 0.005468 0.005425
0 0.395268 0.798216 0.005463 0.005420
0 0.401217 0.801268 0.005463 0.005425
0 0.396477 0.804286 0.004296 0.003949
0 0.390094 0.801201 0.004692 0.004981
0 0.352772 0.838705 0.006421 0.006538
0 0.351691 0.904211 0.006324 0.006592
0 0.358820 0.841889 0.006351 0.006570
0 0.535086 0.580768 0.009615 0.009304
0 0.371410 0.848117 0.006404 0.006485
0 0.345728 0.901033 0.006362 0.006506
0 0.365289 0.844952 0.006501 0.006501
0 0.377632 0.850856 0.006586 0.006367
0 0.353737 0.930950 0.006565 0.006404
0 0.495230 0.572975 0.011177 0.009385
0 0.367916 0.893756 0.006458 0.006346
0 0.357830 0.907089 0.006726 0.006570
0 0.333149 0.895062 0.006426 0.006463
0 0.364425 0.869700 0.006324 0.006303
0 0.339353 0.898133 0.006314 0.006581
0 0.358272 0.866225 0.006249 0.006297
0 0.347533 0.928082 0.006549 0.006383
0 0.361530 0.890902 0.006292 0.006169
