0 0.494370 0.634750 0.005632 0.004796
0 0.351949 0.636945 0.006039 0.004977
0 0.339454 0.636468 0.006048 0.005225
0 0.266753 0.716340 0.006325 0.006766
0 0.378003 0.717663 0.005069 0.005481
0 0.381756 0.714815 0.005191 0.006237
0 0.327539 0.636957 0.007283 0.006161
0 0.394561 0.717008 0.005846 0.006329
0 0.633958 0.717047 0.005674 0.003612
0 0.618704 0.720470 0.005674 0.003612
0 0.624698 0.720395 0.005674 0.003612
0 0.741153 0.742281 0.005674 0.003612
0 0.748343 0.747417 0.005674 0.003612
0 0.376294 0.637350 0.005674 0.004889
0 0.317589 0.714525 0.006325 0.006766
0 0.298627 0.716676 0.006325 0.006766
0 0.285044 0.714122 0.006325 0.006766
0 0.280743 0.718427 0.006325 0.006766
0 0.253578 0.713988 0.006325 0.006766
0 0.550042 0.733129 0.004116 0.005124
0 0.546672 0.735981 0.004112 0.005124
0 0.550302 0.739290 0.004116 0.005124
0 0.545762 0.742398 0.004116 0.006930
0 0.241749 0.636766 0.005792 0.005124
0 0.263595 0.633742 0.005779 0.005124
0 0.272623 0.636661 0.005674 0.004889
0 0.278790 0.636993 0.005678 0.004889
0 0.284954 0.637215 0.005674 0.004889
0 0.345584 0.636432 0.005674 0.004893
0 0.360808 0.634003 0.006144 0.004889
0 0.627810 0.716892 0.005674 0.003612
0 0.312881 0.717755 0.006325 0.006766
0 0.488646 0.635258 0.005632 0.004796
0 0.382131 0.637505 0.005674 0.004889
0 0.388356 0.637505 0.005674 0.004889
0 0.385397 0.634236 0.006443 0.004893
0 0.418478 0.637627 0.005674 0.004889
0 0.424828 0.637442 0.005674 0.004889
0 0.439767 0.634173 0.005674 0.004893
0 0.479208 0.637978 0.005674 0.004893
0 0.498074 0.637883 0.005674 0.004889
0 0.564114 0.720254 0.005674 0.004893
0 0.567772 0.717142 0.005674 0.004893
0 0.570107 0.720254 0.005674 0.004893
0 0.573454 0.716674 0.005674 0.004889
0 0.576176 0.720021 0.005674 0.004889
0 0.585281 0.716443 0.005674 0.004889
0 0.615590 0.716968 0.005678 0.003612
0 0.621737 0.716657 0.005674 0.003612
0 0.546672 0.729950 0.004112 0.005124
0 0.550172 0.727228 0.004116 0.005124
0 0.545972 0.723940 0.004116 0.005124
0 0.461911 0.716016 0.006325 0.006766
0 0.456980 0.718595 0.006325 0.006766
0 0.445997 0.715122 0.006325 0.006766
0 0.440953 0.718373 0.006325 0.006766
0 0.425712 0.717810 0.006325 0.006766
0 0.410920 0.717251 0.006325 0.006766
0 0.366136 0.716810 0.006325 0.006766
0 0.350269 0.718024 0.006325 0.006766
