0 0.732847 0.528197 0.010546 0.010378
0 0.616644 0.341751 0.007248 0.006199
0 0.595767 0.351255 0.013519 0.011349
0 0.702744 0.501580 0.010804 0.008199
0 0.525709 0.354963 0.012584 0.012446
0 0.702093 0.491751 0.010089 0.009517
0 0.784758 0.494643 0.011912 0.011585
0 0.704275 0.537869 0.012122 0.010877
0 0.763220 0.498039 0.011061 0.011596
0 0.677169 0.523168 0.007248 0.006199
0 0.703049 0.511357 0.011949 0.009370
0 0.444322 0.412906 0.007248 0.006199
0 0.449664 0.367010 0.007248 0.006199
0 0.733774 0.507514 0.012904 0.011333
0 0.702117 0.481336 0.009601 0.009769
0 0.586305 0.383606 0.012421 0.011181
0 0.670184 0.522675 0.006744 0.006157
0 0.444034 0.365567 0.007248 0.006199
0 0.732912 0.495756 0.011654 0.012362
