0 0.594408 0.884370 0.031760 0.030972
0 0.687723 0.949678 0.027947 0.029799
0 0.600276 0.954356 0.027234 0.028102
0 0.627165 0.883485 0.031501 0.031294
0 0.801765 0.955184 0.022668 0.024779
0 0.695158 0.816449 0.022979 0.025089
0 0.694994 0.780012 0.028390 0.029442
0 0.491668 0.919528 0.027855 0.028695
0 0.560302 0.882269 0.022927 0.025101
0 0.660759 0.882654 0.028396 0.028620
0 0.758928 0.923542 0.034566 0.033272
0 0.514672 0.984140 0.026998 0.029155
0 0.829416 0.953942 0.027102 0.028309
0 0.629692 0.983329 0.027332 0.029327
0 0.772056 0.983577 0.027723 0.028913
0 0.829158 0.984405 0.027274 0.028936
0 0.486512 0.950420 0.025733 0.025129
0 0.773036 0.953873 0.029270 0.029873
0 0.598554 0.982930 0.022984 0.025929
0 0.559652 0.914738 0.030161 0.030880
0 0.485339 0.979149 0.025653 0.025428
0 0.457815 0.946783 0.027338 0.029402
0 0.457956 0.976774 0.023019 0.025762
0 0.658223 0.981366 0.029028 0.030495
0 0.727775 0.815940 0.028787 0.028810
0 0.543537 0.949448 0.029753 0.031317
0 0.594264 0.822415 0.029781 0.030500
0 0.760595 0.883933 0.035566 0.032651
0 0.473399 0.779856 0.036492 0.036262
0 0.693956 0.886783 0.030753 0.030771
0 0.571898 0.980098 0.029626 0.030627
0 0.470069 0.812867 0.028120 0.029402
0 0.572087 0.950175 0.023163 0.025814
0 0.525486 0.917869 0.031271 0.030460
0 0.526705 0.882441 0.030834 0.031254
0 0.387234 0.670538 0.033168 0.028608
0 0.528125 0.816535 0.030086 0.032139
0 0.560466 0.813836 0.030052 0.031685
0 0.594704 0.785690 0.036274 0.038580
0 0.527648 0.783401 0.029822 0.031944
0 0.593692 0.916857 0.030293 0.030782
0 0.761236 0.782559 0.029304 0.030995
0 0.609465 0.846426 0.027878 0.025779
0 0.384290 0.584284 0.015653 0.015469
0 0.743082 0.953341 0.027533 0.029132
0 0.636412 0.847231 0.028166 0.025848
0 0.663554 0.847234 0.029327 0.025842
0 0.581070 0.846386 0.029051 0.026113
0 0.493548 0.878097 0.028798 0.029166
0 0.742720 0.983286 0.028488 0.030782
0 0.714712 0.982892 0.027654 0.029224
0 0.727266 0.882513 0.028079 0.028821
0 0.716173 0.951354 0.029229 0.030541
0 0.693424 0.917519 0.022651 0.024687
0 0.661512 0.784273 0.035940 0.037435
0 0.561599 0.779431 0.030270 0.031673
0 0.460423 0.875868 0.029793 0.030840
0 0.628022 0.779905 0.034756 0.034106
0 0.627872 0.814482 0.030305 0.031380
0 0.761245 0.816737 0.030127 0.031380
0 0.660454 0.914428 0.030845 0.030880
0 0.459741 0.910285 0.030673 0.030380
0 0.660564 0.816990 0.029051 0.029367
0 0.691673 0.848364 0.027533 0.024480
0 0.727973 0.784991 0.027769 0.028281
0 0.543545 0.981978 0.027136 0.029511
0 0.498068 0.799678 0.029477 0.031685
0 0.687059 0.981509 0.027274 0.028988
0 0.630012 0.952938 0.027292 0.028373
0 0.827683 0.920667 0.028649 0.028821
0 0.657881 0.948971 0.027999 0.027970
0 0.726397 0.917389 0.034980 0.036481
0 0.801343 0.983470 0.022421 0.024503
0 0.626262 0.916282 0.030247 0.030840
0 0.387087 0.607648 0.030391 0.029983
0 0.387315 0.637938 0.031397 0.027815
0 0.514618 0.951754 0.027223 0.028603
