0 0.585646 0.711598 0.005147 0.003832
0 0.349945 0.712332 0.007065 0.006072
0 0.313229 0.711656 0.007065 0.006072
0 0.298707 0.710718 0.007065 0.006072
0 0.418533 0.631366 0.007065 0.006072
0 0.272820 0.630690 0.007065 0.006072
0 0.278758 0.630800 0.007065 0.006072
0 0.285147 0.630800 0.007065 0.006072
0 0.321233 0.630239 0.007065 0.006072
0 0.281224 0.712061 0.007065 0.006072
0 0.266164 0.710041 0.007065 0.006072
0 0.498583 0.632919 0.007249 0.005120
0 0.494669 0.629407 0.007065 0.006072
0 0.489087 0.630115 0.005773 0.005124
0 0.479572 0.632364 0.007065 0.006072
0 0.440437 0.628312 0.004333 0.004462
0 0.425069 0.631647 0.007065 0.006072
0 0.242001 0.630354 0.007065 0.006072
0 0.247493 0.629683 0.007065 0.006072
0 0.257916 0.626881 0.007065 0.006072
0 0.263629 0.626766 0.007065 0.006072
0 0.339568 0.630669 0.006247 0.005791
0 0.351955 0.630828 0.005713 0.005189
0 0.387408 0.737810 0.006739 0.006734
0 0.388073 0.631102 0.005658 0.005451
0 0.327498 0.630768 0.007065 0.006072
0 0.741633 0.738178 0.006440 0.005989
0 0.755299 0.742613 0.006063 0.005437
0 0.748252 0.743036 0.006605 0.005860
0 0.284867 0.708277 0.005225 0.006334
0 0.381587 0.709395 0.005391 0.006316
0 0.360902 0.627847 0.007065 0.006072
0 0.369917 0.630501 0.007065 0.006072
0 0.376467 0.630957 0.007065 0.006072
0 0.660396 0.732723 0.004508 0.006072
0 0.660396 0.726467 0.004508 0.006072
0 0.660299 0.720207 0.004508 0.006072
0 0.660580 0.714043 0.004508 0.006072
0 0.631396 0.716318 0.005147 0.003832
0 0.624671 0.715849 0.005147 0.003832
0 0.618882 0.715573 0.005143 0.003832
0 0.634478 0.712394 0.005147 0.003832
0 0.627847 0.711930 0.005143 0.003832
0 0.622058 0.712022 0.005147 0.003832
0 0.616359 0.712022 0.005147 0.003832
0 0.549614 0.722259 0.004508 0.006072
0 0.550391 0.728565 0.004508 0.006072
0 0.550078 0.734558 0.004508 0.006072
0 0.545722 0.736969 0.004508 0.006072
0 0.547199 0.730897 0.004508 0.006072
0 0.546969 0.725064 0.004508 0.006072
0 0.546187 0.719305 0.004508 0.006072
0 0.576463 0.715412 0.005143 0.003832
0 0.573351 0.711911 0.005147 0.003832
0 0.570237 0.715568 0.005147 0.003832
0 0.563889 0.715301 0.005524 0.004080
0 0.566976 0.712173 0.005147 0.003832
0 0.512833 0.711343 0.004508 0.006072
0 0.462065 0.710221 0.004508 0.006072
0 0.457810 0.713809 0.004508 0.006072
0 0.446283 0.709963 0.004508 0.006072
0 0.441711 0.712787 0.004508 0.006072
0 0.425170 0.712787 0.004508 0.006072
0 0.410377 0.711711 0.004508 0.006072
0 0.393790 0.711978 0.004508 0.006072
