0 0.567771 0.903019 0.022333 0.021168
0 0.100153 0.480360 0.015173 0.012928
0 0.219511 0.900130 0.013589 0.015235
0 0.204796 0.854838 0.016433 0.014918
0 0.585131 0.944045 0.024611 0.019883
0 0.209779 0.869566 0.015571 0.014618
0 0.556718 0.861245 0.025367 0.019920
0 0.025066 0.487612 0.025904 0.024629
0 0.599996 0.977203 0.018583 0.014969
0 0.189790 0.810015 0.024283 0.025119
0 0.576404 0.924186 0.024118 0.021785
0 0.233335 0.940239 0.024976 0.020208
0 0.197879 0.834801 0.025046 0.025068
0 0.063729 0.485988 0.008598 0.006681
0 0.054761 0.486581 0.007455 0.007627
0 0.564971 0.881504 0.028299 0.021877
0 0.214237 0.884613 0.014140 0.014892
