0 0.734201 0.328835 0.006306 0.007021
0 0.742460 0.321668 0.005757 0.006692
0 0.756281 0.229716 0.005926 0.005559
0 0.721520 0.239883 0.005813 0.006259
0 0.745338 0.268609 0.010949 0.014511
0 0.745724 0.295207 0.007237 0.007058
0 0.719476 0.374807 0.005813 0.006259
0 0.733578 0.312223 0.005813 0.006259
0 0.715266 0.239227 0.005813 0.007166
0 0.708503 0.240797 0.005813 0.007599
0 0.749023 0.278891 0.007312 0.010827
0 0.729469 0.334020 0.006306 0.007016
0 0.203273 0.282159 0.014751 0.014967
0 0.738433 0.326805 0.005747 0.007011
0 0.746715 0.315536 0.006306 0.007021
0 0.739051 0.307531 0.006306 0.007016
0 0.214159 0.301816 0.006306 0.007016
0 0.208313 0.265209 0.006306 0.007016
