0 0.126059 0.668398 0.007575 0.006861
0 0.026088 0.609059 0.007575 0.006861
0 0.041670 0.611814 0.007575 0.006861
0 0.045894 0.637460 0.007575 0.006861
0 0.103192 0.660351 0.007575 0.006861
0 0.117634 0.669437 0.007575 0.006861
0 0.119221 0.752301 0.006041 0.004661
0 0.082136 0.697277 0.004826 0.006861
0 0.082723 0.692056 0.004820 0.006861
0 0.130147 0.685537 0.004826 0.006861
0 0.130212 0.692711 0.004826 0.006861
0 0.130015 0.700015 0.004820 0.006861
0 0.129726 0.706770 0.004820 0.006861
0 0.117799 0.699307 0.007575 0.006861
