0 0.938309 0.134394 0.006614 0.006691
0 0.912495 0.185032 0.008222 0.007335
0 0.972699 0.126529 0.006614 0.006691
0 0.953674 0.137454 0.011640 0.011709
0 0.979378 0.120757 0.006614 0.006691
0 0.980834 0.107772 0.008894 0.006691
0 0.960071 0.130263 0.005334 0.005897
0 0.950808 0.145755 0.006614 0.006691
0 0.943177 0.158254 0.006614 0.008319
0 0.927523 0.144856 0.008064 0.007817
0 0.958115 0.104852 0.006614 0.006691
0 0.953894 0.112317 0.006614 0.006691
0 0.950322 0.118809 0.006614 0.006691
0 0.944478 0.124168 0.006614 0.006691
