0 0.382727 0.408044 0.007516 0.007542
0 0.584563 0.932323 0.039849 0.039935
0 0.523340 0.576737 0.033483 0.031334
0 0.635402 0.679398 0.032759 0.039800
0 0.535535 0.612569 0.032484 0.031016
0 0.625400 0.915116 0.040227 0.039838
0 0.089465 0.523744 0.026760 0.024592
0 0.713070 0.762169 0.019303 0.019984
0 0.384646 0.400357 0.006809 0.006699
0 0.370840 0.406251 0.006496 0.006234
0 0.377762 0.403331 0.006452 0.006175
0 0.364106 0.409965 0.006895 0.006683
0 0.386320 0.384130 0.006668 0.006434
0 0.669538 0.793693 0.017954 0.019033
0 0.846895 0.891618 0.022797 0.019152
0 0.378928 0.387053 0.007381 0.006748
0 0.177621 0.837798 0.019552 0.018990
0 0.358529 0.395724 0.006820 0.006402
0 0.485548 0.471591 0.008558 0.009276
