0 0.467446 0.534590 0.008396 0.006900
0 0.538380 0.534890 0.006880 0.005372
0 0.514766 0.532592 0.009660 0.008048
0 0.502778 0.532274 0.008396 0.006900
0 0.646456 0.573326 0.006136 0.004844
0 0.533630 0.529880 0.007820 0.005360
0 0.527066 0.535486 0.008396 0.006900
0 0.491766 0.533134 0.008396 0.006900
0 0.720132 0.572598 0.006136 0.004844
0 0.698728 0.571302 0.006136 0.004844
0 0.662160 0.572198 0.007360 0.004844
0 0.653904 0.572758 0.005472 0.004844
0 0.419226 0.611778 0.008396 0.006900
0 0.377422 0.617494 0.008396 0.006900
0 0.548854 0.534926 0.008748 0.006900
