0 0.027157 0.607728 0.006399 0.005687
0 0.170073 0.696775 0.008649 0.009265
0 0.152066 0.701201 0.007863 0.008315
0 0.129768 0.684754 0.007688 0.006444
0 0.130158 0.692154 0.007688 0.006444
0 0.130938 0.698773 0.007688 0.006444
0 0.131131 0.705789 0.007688 0.006444
0 0.118177 0.699163 0.005941 0.005676
0 0.083451 0.692261 0.005455 0.006230
0 0.083180 0.696532 0.005263 0.004675
0 0.080141 0.667374 0.005235 0.004992
0 0.047171 0.636970 0.005715 0.005540
0 0.042459 0.611080 0.005642 0.005766
0 0.126637 0.668406 0.007688 0.006444
