0 0.470986 0.165244 0.026435 0.023795
0 0.714540 0.043554 0.025745 0.025037
0 0.512976 0.136834 0.027493 0.028608
0 0.491271 0.423732 0.026912 0.021472
0 0.661573 0.837752 0.030299 0.027648
0 0.550066 0.499488 0.031058 0.027361
0 0.688157 0.908131 0.033784 0.033916
0 0.515831 0.790681 0.031098 0.025630
0 0.570127 0.138154 0.030132 0.030604
0 0.605201 0.986288 0.029643 0.027424
0 0.509669 0.341596 0.035164 0.037257
0 0.598600 0.863255 0.035543 0.037665
0 0.906406 0.587674 0.031627 0.025354
0 0.567372 0.873137 0.034687 0.035796
0 0.516547 0.728381 0.027102 0.029034
0 0.829014 0.136302 0.029264 0.031409
0 0.827982 0.075610 0.029247 0.028850
0 0.536340 0.456567 0.039661 0.034871
0 0.742861 0.041639 0.029816 0.031167
0 0.638899 0.826314 0.026929 0.028097
0 0.596446 0.240391 0.029845 0.022530
0 0.463608 0.621173 0.015969 0.017343
0 0.462668 0.181222 0.021748 0.018522
0 0.636863 0.707444 0.017016 0.016452
0 0.644250 0.993120 0.024934 0.013761
0 0.596032 0.319566 0.031478 0.028045
0 0.476403 0.625391 0.016958 0.017671
0 0.493143 0.272861 0.021903 0.016751
0 0.574813 0.385558 0.014963 0.016337
0 0.590972 0.415604 0.018700 0.015647
0 0.590733 0.376348 0.030000 0.024094
0 0.656803 0.961328 0.019149 0.017654
0 0.463758 0.242338 0.023836 0.016901
0 0.457447 0.436415 0.024439 0.018166
0 0.545831 0.359485 0.028994 0.025204
0 0.476038 0.230871 0.021392 0.018166
0 0.832570 0.808347 0.017033 0.016843
0 0.487300 0.315339 0.023882 0.017993
0 0.447444 0.624681 0.017004 0.017378
0 0.751164 0.867266 0.022007 0.024261
0 0.572461 0.402680 0.018781 0.015802
0 0.967619 0.963813 0.021001 0.016872
0 0.647177 0.700868 0.019712 0.019080
0 0.465147 0.276883 0.017872 0.016297
0 0.810446 0.815992 0.021478 0.024876
0 0.489014 0.631049 0.017303 0.018074
0 0.461906 0.258962 0.024710 0.017441
0 0.489241 0.293528 0.024899 0.017614
0 0.575541 0.304710 0.038097 0.033272
0 0.600290 0.357734 0.029678 0.024934
0 0.460469 0.312064 0.023433 0.018459
0 0.453278 0.610170 0.016366 0.016429
0 0.510842 0.233065 0.029413 0.025888
0 0.807913 0.846331 0.021737 0.020725
0 0.581337 0.431547 0.039063 0.040782
0 0.647188 0.745420 0.028603 0.034462
0 0.785923 0.868206 0.021978 0.020288
0 0.594911 0.259344 0.030063 0.024462
0 0.626259 0.382982 0.024986 0.026722
0 0.583056 0.338646 0.039201 0.033347
0 0.662760 0.976199 0.022197 0.021127
0 0.656806 0.915641 0.026170 0.020460
0 0.595555 0.222754 0.030167 0.025290
0 0.795152 0.808485 0.021426 0.023594
0 0.566524 0.366072 0.028056 0.025808
0 0.629813 0.915060 0.025273 0.022231
0 0.595934 0.451958 0.033329 0.031840
0 0.458051 0.416901 0.025497 0.017895
0 0.563962 0.264448 0.037113 0.031748
0 0.496921 0.215972 0.031553 0.027274
0 0.629425 0.409819 0.022898 0.023364
0 0.827401 0.826797 0.021587 0.019988
0 0.460052 0.358076 0.025256 0.018729
0 0.534597 0.221239 0.037085 0.033542
0 0.459787 0.378076 0.024566 0.018085
0 0.462907 0.221650 0.017579 0.015710
0 0.457628 0.335242 0.025549 0.018304
0 0.763531 0.851949 0.022530 0.024784
0 0.461360 0.293603 0.024928 0.018177
0 0.551075 0.199750 0.025727 0.023214
0 0.619008 0.898283 0.025733 0.020937
0 0.491463 0.247711 0.030023 0.025428
0 0.465966 0.204971 0.025641 0.019097
0 0.453709 0.120934 0.023128 0.023226
0 0.528422 0.192013 0.025687 0.023669
0 0.629704 0.106794 0.026090 0.024641
0 0.434336 0.632039 0.016665 0.018212
0 0.478465 0.188062 0.023979 0.023404
0 0.657579 0.106271 0.027142 0.028298
0 0.505377 0.307611 0.025451 0.024204
0 0.458692 0.397156 0.025135 0.018292
0 0.486167 0.400975 0.025860 0.018453
0 0.586052 0.283948 0.030322 0.024825
0 0.713473 0.885377 0.027947 0.030029
0 0.711150 0.801277 0.024175 0.021518
0 0.628864 0.435515 0.023468 0.023542
0 0.541832 0.252234 0.031323 0.027102
0 0.475152 0.444310 0.026590 0.021121
0 0.650696 0.898560 0.025290 0.020845
0 0.741679 0.105592 0.028189 0.028700
0 0.514796 0.048752 0.022783 0.024715
0 0.487064 0.379330 0.025975 0.017867
0 0.655699 0.075400 0.028292 0.028131
0 0.455802 0.143154 0.023968 0.024629
0 0.625957 0.279077 0.026429 0.026021
0 0.671173 0.944238 0.019735 0.019264
0 0.770184 0.882105 0.023669 0.023818
0 0.782637 0.832527 0.028907 0.030759
0 0.713884 0.077447 0.027815 0.027982
0 0.565753 0.231461 0.037683 0.033755
0 0.538376 0.305296 0.037867 0.033341
0 0.685213 0.132841 0.027412 0.027821
0 0.548905 0.174445 0.031058 0.025808
0 0.641961 0.779994 0.032731 0.034480
0 0.800362 0.040966 0.028465 0.029580
0 0.741990 0.074025 0.028741 0.028706
0 0.545302 0.337346 0.037527 0.029586
0 0.627783 0.077018 0.027205 0.028436
0 0.477993 0.471110 0.026981 0.021541
0 0.629011 0.464488 0.023186 0.023640
0 0.570196 0.463269 0.036711 0.033864
0 0.596432 0.396763 0.025825 0.021783
0 0.782720 0.788278 0.025509 0.020960
0 0.586435 0.757240 0.037872 0.036377
0 0.713332 0.139459 0.025147 0.024899
0 0.627982 0.045920 0.027407 0.028815
0 0.513982 0.077154 0.023237 0.024209
0 0.504589 0.186164 0.027338 0.026245
0 0.686072 0.070003 0.023255 0.024422
0 0.521297 0.280745 0.040270 0.033864
0 0.771409 0.047317 0.027855 0.028689
0 0.571668 0.046671 0.027579 0.028350
0 0.458686 0.043623 0.022628 0.024485
0 0.656210 0.045380 0.028499 0.028482
0 0.657522 0.134310 0.027257 0.028505
0 0.683514 0.800664 0.029431 0.024537
0 0.770995 0.078229 0.028856 0.030086
0 0.543511 0.067294 0.029241 0.030610
0 0.732665 0.859454 0.032266 0.033019
0 0.594468 0.494155 0.035480 0.031725
0 0.541633 0.134339 0.029350 0.031150
0 0.607516 0.540957 0.031420 0.027309
0 0.542536 0.099888 0.030109 0.030460
0 0.485173 0.078781 0.023053 0.024186
0 0.628390 0.139425 0.028614 0.028994
0 0.686067 0.041452 0.022507 0.024986
0 0.549270 0.420026 0.039183 0.034324
0 0.770696 0.140719 0.025762 0.024773
0 0.593545 0.904388 0.029057 0.027108
0 0.551886 0.384902 0.029971 0.025377
0 0.585394 0.727412 0.041564 0.038378
0 0.828974 0.044169 0.028574 0.028959
0 0.570897 0.104379 0.026038 0.024376
0 0.555635 0.843761 0.037665 0.036469
0 0.579097 0.521978 0.031144 0.025854
0 0.483979 0.136567 0.025854 0.024382
0 0.453663 0.070029 0.023370 0.024658
0 0.637619 0.957441 0.022588 0.025106
0 0.484408 0.106527 0.025791 0.024876
0 0.739836 0.136072 0.027125 0.028729
0 0.458562 0.096567 0.022749 0.023933
0 0.685773 0.101182 0.029155 0.030253
0 0.571190 0.074940 0.026993 0.028304
0 0.484928 0.051139 0.028568 0.029074
0 0.806383 0.788953 0.022220 0.023496
0 0.770618 0.110621 0.027309 0.028534
0 0.798884 0.139169 0.027694 0.028528
0 0.828318 0.104399 0.027125 0.027476
0 0.513709 0.105178 0.025785 0.024238
0 0.800009 0.106412 0.028010 0.028580
0 0.714471 0.108355 0.028999 0.029868
0 0.543117 0.039359 0.023220 0.025331
0 0.800595 0.072576 0.028976 0.030707
