0 0.774520 0.438219 0.005721 0.006226
0 0.455977 0.282728 0.005727 0.006232
0 0.768058 0.456751 0.005849 0.006731
0 0.812048 0.393302 0.005183 0.005272
0 0.789986 0.419953 0.005388 0.005710
0 0.780069 0.389206 0.005444 0.006093
0 0.790757 0.375705 0.005899 0.006382
0 0.834639 0.366201 0.005361 0.005511
0 0.770574 0.442958 0.005721 0.006226
0 0.815746 0.388979 0.005411 0.005660
0 0.518102 0.316268 0.010311 0.010871
0 0.453466 0.294989 0.005954 0.006226
0 0.784534 0.384009 0.005771 0.005189
0 0.775552 0.394259 0.005455 0.006032
0 0.819406 0.384401 0.005372 0.005627
0 0.786290 0.424420 0.005433 0.005744
0 0.457148 0.276609 0.005638 0.006149
0 0.767370 0.401923 0.005649 0.005788
0 0.458918 0.265175 0.005516 0.006410
0 0.766804 0.447114 0.005727 0.006337
0 0.838346 0.362261 0.005505 0.005655
0 0.797142 0.411532 0.005216 0.005760
0 0.808549 0.397808 0.005189 0.005438
0 0.522159 0.303393 0.010311 0.010871
0 0.452300 0.300560 0.005954 0.006226
0 0.449914 0.311010 0.005954 0.006226
0 0.448271 0.318024 0.005954 0.006226
0 0.778627 0.433829 0.005721 0.006226
0 0.781795 0.428929 0.005721 0.006226
0 0.764015 0.453984 0.005721 0.006226
0 0.759620 0.449517 0.005721 0.006226
0 0.755519 0.446709 0.005721 0.006226
0 0.751418 0.442825 0.005721 0.006226
0 0.823302 0.380311 0.005372 0.005627
0 0.826421 0.375932 0.005372 0.005627
0 0.830499 0.371970 0.005372 0.005627
0 0.842675 0.356615 0.005372 0.005627
0 0.846754 0.352897 0.005372 0.005627
0 0.849933 0.348457 0.005372 0.005627
0 0.376243 0.741032 0.005782 0.005949
0 0.374745 0.747003 0.005782 0.005949
0 0.373793 0.752358 0.005777 0.005949
0 0.372411 0.758496 0.005777 0.005949
0 0.373188 0.763935 0.005777 0.005949
0 0.344942 0.760738 0.005777 0.005949
0 0.339240 0.760655 0.005782 0.005949
0 0.334403 0.768430 0.005777 0.005949
0 0.344079 0.768080 0.005782 0.005949
0 0.356515 0.769462 0.005782 0.005949
0 0.386493 0.774040 0.005782 0.005949
0 0.395821 0.775427 0.005782 0.005949
0 0.402644 0.777758 0.005777 0.005949
0 0.411543 0.780782 0.005782 0.005949
0 0.422600 0.784495 0.005777 0.005949
0 0.432880 0.784062 0.005782 0.005949
0 0.438579 0.783890 0.005782 0.005949
0 0.444628 0.782336 0.005782 0.005949
0 0.626027 0.719184 0.005782 0.005949
0 0.636496 0.733385 0.005777 0.005949
0 0.619600 0.715247 0.005782 0.005943
0 0.624678 0.704673 0.005782 0.005949
0 0.612861 0.698246 0.005777 0.005949
0 0.611099 0.715560 0.005782 0.005949
