0 0.780495 0.127445 0.032720 0.034540
0 0.992818 0.105178 0.014365 0.024745
0 0.722800 0.263835 0.031540 0.038200
0 0.946928 0.128623 0.035925 0.031485
0 0.943245 0.167285 0.020370 0.019560
0 0.745085 0.183640 0.043660 0.037200
0 0.877368 0.178385 0.029285 0.034940
0 0.604990 0.137898 0.039150 0.032635
0 0.841955 0.234228 0.030910 0.034295
0 0.974172 0.520410 0.035935 0.032470
0 0.845607 0.161543 0.029385 0.032155
0 0.925745 0.456727 0.038650 0.033705
0 0.891783 0.520835 0.037265 0.033000
0 0.814468 0.142725 0.031315 0.038520
0 0.808253 0.218622 0.031885 0.037055
0 0.889798 0.025200 0.024345 0.021070
0 0.655875 0.188278 0.014860 0.013455
0 0.988803 0.022990 0.022395 0.034070
0 0.907327 0.573178 0.018425 0.017295
