0 0.114091 0.686031 0.006817 0.007926
0 0.115933 0.665082 0.007744 0.006736
0 0.028341 0.599146 0.005707 0.005369
0 0.024439 0.604381 0.005707 0.005369
0 0.040152 0.607968 0.005707 0.005369
0 0.044256 0.633539 0.005707 0.005369
0 0.007878 0.642151 0.005707 0.005375
0 0.082061 0.688087 0.005707 0.005375
0 0.080421 0.692706 0.005707 0.005375
0 0.116171 0.695210 0.005707 0.005369
0 0.128378 0.682138 0.005707 0.005375
0 0.128927 0.688322 0.005707 0.005369
0 0.127982 0.695760 0.005707 0.005369
0 0.127591 0.702099 0.005707 0.005369
0 0.167415 0.692236 0.005707 0.005375
0 0.166945 0.700064 0.005707 0.005375
0 0.152537 0.739457 0.005707 0.005369
0 0.117524 0.748005 0.005707 0.005369
0 0.149232 0.683331 0.007817 0.009176
0 0.151662 0.698981 0.006591 0.007883
0 0.124244 0.665040 0.007744 0.006736
