0 0.075828 0.432950 0.016705 0.018400
0 0.348413 0.245580 0.022005 0.018580
0 0.013862 0.448728 0.027645 0.031255
0 0.023720 0.039730 0.029590 0.033360
0 0.044787 0.666323 0.023305 0.020095
0 0.308050 0.827395 0.020340 0.019450
0 0.377377 0.895015 0.022215 0.025230
0 0.283313 0.351783 0.023755 0.022405
0 0.249390 0.274295 0.014940 0.015760
0 0.167243 0.549743 0.018165 0.017285
0 0.212157 0.450368 0.021055 0.017915
0 0.006035 0.183652 0.012040 0.017815
0 0.234418 0.210308 0.014315 0.015715
0 0.259283 0.195057 0.020875 0.017075
0 0.058942 0.088373 0.015215 0.012555
0 0.088102 0.644295 0.019245 0.020990
0 0.339627 0.265832 0.016095 0.013465
0 0.221768 0.320780 0.020375 0.022500
0 0.207967 0.471163 0.024165 0.017795
0 0.333962 0.203072 0.018685 0.015785
0 0.239090 0.401700 0.016730 0.019090
0 0.244705 0.333305 0.021210 0.024920
0 0.347473 0.222670 0.019255 0.017470
0 0.262940 0.406310 0.021350 0.023080
0 0.452178 0.048410 0.015805 0.016090
