0 0.284850 0.631821 0.006655 0.005099
0 0.297564 0.631280 0.006655 0.005103
0 0.360192 0.629251 0.006655 0.005103
0 0.369253 0.631956 0.006655 0.005103
0 0.375612 0.632092 0.006655 0.005099
0 0.381970 0.631956 0.006655 0.005103
0 0.388597 0.631821 0.006655 0.005099
0 0.419168 0.632092 0.006655 0.005099
0 0.439998 0.629658 0.006655 0.005099
0 0.480043 0.633056 0.006655 0.005099
0 0.488682 0.630427 0.006655 0.005099
0 0.494599 0.629864 0.006655 0.005099
0 0.498358 0.633151 0.006655 0.005103
0 0.253422 0.709232 0.005184 0.005099
0 0.266671 0.711035 0.005184 0.005099
0 0.280986 0.712839 0.005180 0.005103
0 0.298345 0.712049 0.005180 0.005103
0 0.313111 0.713177 0.005184 0.005099
0 0.316944 0.709682 0.005180 0.005099
0 0.332163 0.714303 0.005184 0.005099
0 0.345348 0.713068 0.005180 0.006914
0 0.350196 0.713965 0.005180 0.006910
0 0.361019 0.712951 0.005180 0.006914
0 0.366428 0.712951 0.005184 0.006914
0 0.410535 0.712422 0.005184 0.006910
0 0.425640 0.713775 0.005180 0.006910
0 0.441760 0.713775 0.005180 0.006910
0 0.445816 0.710393 0.005184 0.006910
0 0.457426 0.714226 0.005180 0.006914
0 0.501725 0.723580 0.005184 0.006910
0 0.501614 0.735190 0.005180 0.006914
0 0.502290 0.729330 0.005180 0.006914
0 0.514802 0.712533 0.005180 0.006914
0 0.546363 0.719411 0.005184 0.006914
0 0.546363 0.725610 0.005184 0.006910
0 0.546476 0.732149 0.005184 0.006914
0 0.545913 0.738009 0.005184 0.006914
0 0.537458 0.739587 0.005180 0.006910
0 0.550308 0.723129 0.005184 0.006914
0 0.550308 0.729216 0.005184 0.006914
0 0.550535 0.735417 0.005184 0.006914
0 0.567592 0.712110 0.006225 0.004293
0 0.564170 0.715954 0.006225 0.004293
0 0.570371 0.716047 0.006225 0.004293
0 0.573469 0.711916 0.006225 0.004293
0 0.576474 0.715577 0.006225 0.004293
0 0.585962 0.712195 0.006229 0.004293
0 0.617242 0.712479 0.006229 0.004293
0 0.622126 0.712386 0.006229 0.004293
0 0.627576 0.712665 0.006225 0.004293
0 0.633680 0.712386 0.006225 0.004293
0 0.640820 0.712665 0.006225 0.004293
0 0.638471 0.715577 0.006225 0.004293
0 0.631896 0.716517 0.006229 0.004293
0 0.625413 0.716047 0.006225 0.004293
0 0.619496 0.715954 0.006225 0.004293
0 0.650310 0.703503 0.005277 0.006845
0 0.729492 0.736339 0.006225 0.004293
0 0.755512 0.742912 0.006229 0.004293
0 0.763779 0.743759 0.006229 0.004293
0 0.339949 0.631887 0.006906 0.005314
0 0.352284 0.631891 0.006691 0.005233
0 0.327473 0.631926 0.008133 0.006314
0 0.531495 0.712139 0.006853 0.007355
0 0.241906 0.631424 0.007181 0.005520
0 0.394151 0.712623 0.005419 0.006444
0 0.230869 0.348396 0.006225 0.004293
0 0.382096 0.710324 0.005448 0.006480
0 0.247647 0.630885 0.006772 0.004168
0 0.264018 0.628576 0.008133 0.006314
0 0.273019 0.631756 0.006655 0.005099
0 0.278491 0.631821 0.006655 0.005099
