0 0.352530 0.642728 0.005870 0.005340
0 0.749593 0.752428 0.006431 0.005719
0 0.653425 0.740236 0.005567 0.006311
0 0.631751 0.726842 0.005567 0.004668
0 0.625721 0.726740 0.005567 0.004668
0 0.619793 0.726435 0.005567 0.004664
0 0.616931 0.722652 0.005567 0.004664
0 0.623371 0.722348 0.005567 0.004668
0 0.629094 0.722652 0.005567 0.004664
0 0.635329 0.722652 0.005567 0.004664
0 0.641360 0.723469 0.005567 0.004668
0 0.638396 0.725881 0.005567 0.004668
0 0.660986 0.725107 0.005567 0.006796
0 0.586471 0.722675 0.004717 0.004139
0 0.577345 0.726362 0.006377 0.004579
0 0.574079 0.722741 0.006377 0.004584
0 0.571239 0.726433 0.006377 0.004579
0 0.567986 0.722675 0.006377 0.004584
0 0.565062 0.726718 0.007392 0.005425
0 0.551139 0.739337 0.004272 0.005421
0 0.550714 0.745725 0.004277 0.005425
0 0.546711 0.748496 0.004272 0.006880
0 0.547733 0.742063 0.004277 0.005425
0 0.547817 0.736357 0.004277 0.005425
0 0.551308 0.733204 0.004272 0.005421
0 0.547308 0.730349 0.004272 0.005425
0 0.515107 0.722339 0.005300 0.006529
0 0.502370 0.746914 0.005300 0.006529
0 0.502259 0.738796 0.005300 0.006529
0 0.463028 0.721551 0.005300 0.006529
0 0.458182 0.725156 0.005300 0.006529
0 0.447025 0.721551 0.005300 0.006529
0 0.441951 0.724595 0.005300 0.006529
0 0.426589 0.724631 0.005300 0.006529
0 0.411044 0.723652 0.005300 0.006529
0 0.350434 0.724114 0.005300 0.006529
0 0.345454 0.723269 0.005300 0.006529
0 0.316900 0.720737 0.005300 0.006529
0 0.314737 0.724114 0.005300 0.006529
0 0.300176 0.723082 0.005300 0.006529
0 0.281956 0.724021 0.005300 0.006529
0 0.253963 0.720265 0.005300 0.006529
0 0.498883 0.643976 0.004637 0.003547
0 0.495425 0.641024 0.004824 0.003845
0 0.489308 0.641255 0.005229 0.003738
0 0.479915 0.643754 0.005225 0.004793
0 0.440850 0.640036 0.004263 0.004308
0 0.361560 0.639884 0.006431 0.004077
0 0.321411 0.642150 0.005883 0.004263
0 0.285247 0.643080 0.005474 0.004272
0 0.279564 0.642675 0.005412 0.004370
0 0.272988 0.642721 0.005790 0.004277
0 0.264068 0.639381 0.005198 0.004548
0 0.248344 0.642009 0.005314 0.004544
0 0.242283 0.642497 0.006150 0.004014
0 0.340020 0.642690 0.006146 0.005630
0 0.388349 0.749126 0.006951 0.006787
0 0.661070 0.737172 0.005567 0.006796
0 0.341168 0.727566 0.006182 0.005563
0 0.285861 0.720850 0.005714 0.007014
0 0.394688 0.723447 0.005051 0.006226
0 0.267083 0.722646 0.005300 0.006529
0 0.531898 0.722583 0.006137 0.007472
0 0.376698 0.642846 0.006142 0.005327
0 0.366558 0.722635 0.005505 0.007192
0 0.742601 0.748520 0.006431 0.005719
0 0.419486 0.642886 0.005879 0.005381
0 0.382514 0.721055 0.005376 0.006978
0 0.425701 0.643002 0.006159 0.005149
0 0.502466 0.727630 0.004869 0.005630
0 0.328091 0.642842 0.007183 0.006342
0 0.388852 0.642915 0.005839 0.005465
