0 0.452313 0.311033 0.005845 0.006455
0 0.754099 0.461781 0.004584 0.004674
0 0.758323 0.465072 0.004584 0.004674
0 0.824152 0.389989 0.004584 0.004674
0 0.749589 0.458119 0.004584 0.004674
0 0.759542 0.457742 0.004584 0.004674
0 0.754661 0.453704 0.004584 0.004674
0 0.762456 0.468548 0.004584 0.004674
0 0.799187 0.420922 0.004584 0.004674
0 0.816940 0.398755 0.004584 0.004674
0 0.820882 0.393869 0.004584 0.004674
0 0.827931 0.385792 0.004584 0.004674
0 0.457999 0.280919 0.006089 0.006439
0 0.455742 0.292642 0.006089 0.006439
0 0.803129 0.416131 0.004584 0.004674
0 0.806791 0.411622 0.004584 0.004674
0 0.810268 0.407303 0.004584 0.004674
0 0.813272 0.402793 0.004584 0.004674
0 0.454862 0.298376 0.006089 0.006439
0 0.448786 0.327636 0.006020 0.006423
0 0.456900 0.286879 0.005776 0.006412
0 0.447366 0.334608 0.006328 0.006598
0 0.450909 0.316985 0.005729 0.006222
0 0.795429 0.425994 0.004584 0.004674
0 0.791481 0.430313 0.004584 0.004674
0 0.788196 0.434918 0.004584 0.004674
0 0.784815 0.439894 0.004584 0.004674
0 0.780586 0.444123 0.004584 0.004674
0 0.776733 0.448442 0.004584 0.004674
0 0.773728 0.453328 0.004584 0.004674
0 0.769409 0.457647 0.004584 0.004674
