0 0.803985 0.580022 0.018629 0.021156
0 0.762870 0.573869 0.018731 0.022349
0 0.128901 0.586941 0.018969 0.022630
0 0.400923 0.657481 0.016998 0.021917
0 0.694328 0.648313 0.018429 0.020535
0 0.606790 0.632978 0.020070 0.016625
0 0.160564 0.603261 0.023159 0.019309
0 0.789965 0.630537 0.019789 0.017802
0 0.106965 0.544568 0.022106 0.018402
0 0.784031 0.575807 0.018591 0.023656
0 0.534047 0.626237 0.027770 0.027117
0 0.213734 0.592200 0.022446 0.018882
0 0.162867 0.574943 0.024428 0.019735
0 0.719538 0.653286 0.018720 0.021355
0 0.600767 0.654368 0.019935 0.015875
0 0.624827 0.658116 0.020000 0.015864
0 0.756110 0.657576 0.017651 0.018974
0 0.745848 0.666531 0.016922 0.018861
0 0.763475 0.669001 0.017727 0.019017
0 0.738164 0.655610 0.017678 0.020086
0 0.793629 0.663048 0.018056 0.020545
0 0.221317 0.704908 0.016749 0.016836
0 0.298796 0.575448 0.019071 0.024028
0 0.727792 0.664079 0.017408 0.019023
0 0.782136 0.672133 0.016539 0.018607
0 0.774684 0.660675 0.017986 0.020432
0 0.801112 0.674465 0.017117 0.019935
