0 0.577818 0.619800 0.033357 0.040195
0 0.286092 0.687346 0.033128 0.033816
0 0.534078 0.422773 0.031717 0.032371
0 0.715933 0.889252 0.032716 0.032928
0 0.591026 0.455654 0.030391 0.032983
0 0.858974 0.985223 0.034445 0.029554
0 0.687029 0.818612 0.033362 0.033170
0 0.701349 0.854003 0.033017 0.033124
0 0.729760 0.924118 0.033374 0.032818
0 0.269388 0.640470 0.039278 0.042112
0 0.675820 0.781549 0.037318 0.034700
0 0.746230 0.966534 0.034552 0.033051
0 0.547932 0.477034 0.040064 0.040714
0 0.338153 0.235348 0.018423 0.019775
0 0.275302 0.921545 0.017293 0.020132
0 0.216179 0.891959 0.017935 0.019414
0 0.155144 0.916101 0.017930 0.020064
0 0.193695 0.954535 0.017437 0.020000
0 0.173179 0.962478 0.018071 0.020187
