0 0.169675 0.290019 0.010484 0.010372
0 0.071937 0.315993 0.010484 0.010372
0 0.027362 0.319572 0.010484 0.010372
0 0.039718 0.283573 0.010484 0.010372
0 0.085539 0.279094 0.010484 0.010372
0 0.078379 0.297903 0.010484 0.010372
0 0.130654 0.274975 0.010484 0.010372
0 0.124033 0.293604 0.010484 0.010372
0 0.117226 0.311514 0.010484 0.010372
0 0.004132 0.268908 0.008264 0.010372
0 0.008391 0.250639 0.010484 0.010372
0 0.015911 0.232370 0.010484 0.010372
0 0.599272 0.311492 0.008289 0.007699
0 0.770226 0.299774 0.007099 0.006656
0 0.772306 0.310282 0.006782 0.006483
0 0.753816 0.315670 0.008289 0.007705
0 0.794839 0.294324 0.008289 0.007705
0 0.790964 0.283877 0.008289 0.007705
0 0.789470 0.272382 0.008289 0.007705
0 0.762024 0.268952 0.008289 0.007705
0 0.764554 0.279479 0.006789 0.006675
0 0.751727 0.305521 0.008289 0.007705
0 0.748596 0.295220 0.008289 0.007699
0 0.746060 0.285220 0.008289 0.007699
0 0.743531 0.274187 0.008289 0.007705
0 0.593453 0.290741 0.007378 0.007078
0 0.623751 0.306203 0.006807 0.006948
0 0.619560 0.295592 0.007378 0.007078
0 0.617629 0.284107 0.008884 0.007097
0 0.614485 0.274473 0.008277 0.008127
0 0.633431 0.268952 0.008277 0.008127
0 0.659089 0.264175 0.008270 0.008127
0 0.659988 0.274622 0.008270 0.008127
0 0.665654 0.294622 0.008270 0.008127
0 0.667892 0.307314 0.008270 0.008127
0 0.638890 0.289919 0.008270 0.008127
0 0.163053 0.308468 0.010484 0.010372
0 0.154820 0.326203 0.010484 0.010372
0 0.075874 0.421675 0.010484 0.010372
0 0.644882 0.805130 0.018667 0.021923
0 0.110313 0.330053 0.010818 0.010763
0 0.103444 0.348306 0.010484 0.010372
0 0.083394 0.403226 0.010484 0.010372
0 0.090015 0.385850 0.010484 0.010372
0 0.096996 0.366507 0.010484 0.010372
0 0.058156 0.352177 0.010484 0.010372
0 0.064777 0.333722 0.010484 0.010372
