0 0.788794 0.666410 0.017976 0.019982
0 0.709032 0.654083 0.019209 0.019988
0 0.620018 0.640392 0.016708 0.016891
0 0.616348 0.617959 0.016590 0.014785
0 0.791139 0.578504 0.020212 0.023711
0 0.750268 0.660504 0.018519 0.020289
0 0.705251 0.631136 0.023351 0.018106
0 0.611699 0.659319 0.018619 0.014979
0 0.810587 0.580478 0.018779 0.020153
0 0.829746 0.583552 0.018844 0.020743
0 0.637575 0.663233 0.019139 0.014608
0 0.777310 0.579581 0.018549 0.023339
0 0.815752 0.680230 0.017015 0.019316
0 0.771065 0.662935 0.018354 0.020254
0 0.818794 0.591879 0.018425 0.018909
0 0.777761 0.674965 0.016053 0.018401
0 0.759425 0.672971 0.018378 0.019345
0 0.808454 0.668882 0.017982 0.019652
0 0.796218 0.677327 0.018820 0.019740
