0 0.490290 0.733200 0.007849 0.007585
0 0.354054 0.825362 0.006797 0.007378
0 0.357062 0.830290 0.006797 0.007378
0 0.360069 0.834741 0.006797 0.007378
0 0.494149 0.739853 0.007849 0.007585
0 0.486248 0.726702 0.007849 0.007585
0 0.498660 0.746478 0.007844 0.007585
0 0.502412 0.753117 0.007849 0.007591
0 0.506167 0.760187 0.007849 0.007585
0 0.510207 0.767260 0.007844 0.007585
0 0.524494 0.702165 0.007849 0.007585
0 0.528968 0.709963 0.007849 0.007585
0 0.532292 0.716889 0.007849 0.007591
0 0.536622 0.722516 0.007849 0.007585
0 0.540515 0.729301 0.007849 0.007585
0 0.545426 0.735219 0.007849 0.007585
0 0.463873 0.785161 0.007849 0.007585
0 0.092349 0.978189 0.023456 0.022864
0 0.152021 0.941780 0.027033 0.028079
0 0.168721 0.967933 0.028263 0.028482
0 0.495503 0.345713 0.023726 0.029471
0 0.559298 0.316371 0.021346 0.026590
0 0.528712 0.328554 0.021093 0.026607
0 0.366179 0.844264 0.006308 0.006584
0 0.315227 0.841972 0.007729 0.007798
0 0.321346 0.851665 0.007395 0.007481
0 0.351541 0.820095 0.006797 0.007378
0 0.363502 0.839566 0.006682 0.006734
0 0.459980 0.778088 0.007849 0.007585
0 0.455650 0.772458 0.007849 0.007585
0 0.452039 0.765385 0.007849 0.007585
0 0.481630 0.774620 0.007849 0.007585
0 0.477156 0.767547 0.007849 0.007585
0 0.473114 0.761630 0.007849 0.007585
0 0.469503 0.754413 0.007849 0.007585
0 0.548600 0.742435 0.007849 0.007585
