0 0.626404 0.193044 0.005302 0.005177
0 0.625439 0.198349 0.005302 0.005177
0 0.639192 0.210084 0.005302 0.005177
0 0.597564 0.223098 0.007312 0.007254
0 0.419812 0.181644 0.007855 0.007790
0 0.520955 0.312311 0.005771 0.005332
0 0.453086 0.340435 0.005771 0.005332
0 0.466521 0.348426 0.005764 0.005332
0 0.454822 0.345067 0.005771 0.005338
0 0.460050 0.345358 0.005771 0.005332
0 0.339755 0.293975 0.006669 0.006142
0 0.340754 0.287143 0.006669 0.006142
0 0.351096 0.275311 0.006669 0.006135
0 0.388958 0.226979 0.006669 0.006135
0 0.386619 0.238480 0.006669 0.006135
0 0.397627 0.205978 0.006662 0.006142
0 0.398127 0.212147 0.006669 0.006142
0 0.404038 0.208985 0.006669 0.006142
0 0.506458 0.286463 0.010704 0.011628
0 0.481582 0.325435 0.015871 0.014689
0 0.556712 0.230462 0.015878 0.015901
0 0.414377 0.381229 0.008190 0.008245
0 0.526176 0.274561 0.008599 0.008774
0 0.421233 0.387445 0.008418 0.008727
0 0.437205 0.397217 0.008727 0.008071
0 0.428515 0.393463 0.008251 0.008439
0 0.518623 0.264404 0.013693 0.013121
0 0.411991 0.179015 0.007909 0.008091
0 0.514792 0.291594 0.008566 0.009283
0 0.544390 0.249789 0.013472 0.013550
0 0.411662 0.195717 0.007855 0.007790
0 0.498127 0.340492 0.015395 0.017019
0 0.534115 0.278305 0.008257 0.008332
0 0.592738 0.218101 0.007567 0.007816
0 0.406454 0.375700 0.008150 0.008439
0 0.455375 0.365445 0.007895 0.007689
0 0.566119 0.244930 0.008552 0.008587
0 0.533566 0.241286 0.009008 0.009015
0 0.081639 0.679233 0.020395 0.013269
0 0.512912 0.350777 0.010074 0.010810
0 0.573857 0.203969 0.008318 0.008674
0 0.430013 0.095509 0.006126 0.006664
0 0.432373 0.108704 0.006126 0.006664
0 0.424729 0.104675 0.006119 0.006671
0 0.417225 0.106762 0.006126 0.006664
0 0.409718 0.120372 0.006126 0.006664
0 0.421253 0.126899 0.006126 0.006671
0 0.434182 0.062592 0.006126 0.006671
0 0.395127 0.033704 0.006126 0.006671
0 0.401381 0.035372 0.006126 0.006671
0 0.406384 0.037592 0.006119 0.006664
0 0.412084 0.039816 0.006126 0.006664
0 0.416944 0.041758 0.006126 0.006664
0 0.440851 0.051202 0.006126 0.006664
0 0.446548 0.053289 0.006126 0.006671
0 0.458499 0.058704 0.006126 0.006664
0 0.450576 0.070928 0.006126 0.006664
0 0.465878 0.046216 0.007252 0.006966
0 0.411944 0.022455 0.007252 0.006973
0 0.447741 0.038627 0.004920 0.004595
0 0.431679 0.032455 0.004913 0.004588
0 0.435292 0.035650 0.004913 0.004588
0 0.465449 0.025787 0.004920 0.004595
0 0.467590 0.031772 0.005302 0.005177
0 0.458361 0.044816 0.005302 0.005171
0 0.444883 0.073704 0.005302 0.005171
0 0.419310 0.090231 0.005308 0.005177
0 0.419588 0.095509 0.005302 0.005177
0 0.422644 0.114397 0.005302 0.005177
0 0.459058 0.022455 0.005302 0.005177
0 0.458918 0.009260 0.005302 0.005177
0 0.475040 0.012733 0.005308 0.005171
0 0.448341 0.024032 0.005302 0.005171
0 0.419628 0.028935 0.005302 0.005171
0 0.424454 0.030060 0.005302 0.005171
0 0.427590 0.032552 0.005302 0.005171
0 0.440137 0.035526 0.005302 0.005171
0 0.443676 0.038580 0.005302 0.005171
0 0.384561 0.028614 0.005302 0.005171
0 0.615627 0.189829 0.005302 0.005177
0 0.620533 0.194330 0.005302 0.005177
0 0.629541 0.202368 0.005302 0.005177
0 0.606535 0.182354 0.005308 0.005177
0 0.634769 0.200599 0.005302 0.005177
0 0.630905 0.196902 0.005308 0.005177
0 0.621418 0.189106 0.005302 0.005177
0 0.402121 0.364437 0.008036 0.008848
0 0.437661 0.389484 0.007761 0.006698
0 0.443016 0.386236 0.008740 0.008104
0 0.446555 0.380810 0.008365 0.007167
0 0.449745 0.377086 0.007761 0.006698
0 0.447098 0.356283 0.007761 0.006698
0 0.438190 0.370476 0.007761 0.006698
0 0.431625 0.370281 0.006186 0.005586
0 0.438552 0.376125 0.006180 0.005593
0 0.399504 0.369943 0.007694 0.008272
0 0.431736 0.363925 0.007064 0.006457
0 0.436076 0.381674 0.007071 0.007314
0 0.449665 0.369022 0.007909 0.007997
0 0.452637 0.361812 0.006186 0.005593
0 0.490533 0.314635 0.010704 0.011628
0 0.505499 0.315208 0.010717 0.010844
0 0.514497 0.325650 0.012962 0.012465
0 0.520707 0.331949 0.009926 0.009645
0 0.527832 0.327220 0.008814 0.008252
0 0.501069 0.308436 0.006441 0.005365
0 0.580529 0.207358 0.009316 0.010871
0 0.646461 0.172528 0.006273 0.005646
0 0.637540 0.164943 0.005483 0.004474
0 0.623693 0.152448 0.005483 0.004481
0 0.627748 0.156383 0.005483 0.004474
0 0.632728 0.160553 0.005483 0.004481
0 0.632138 0.175713 0.005697 0.005171
0 0.641297 0.183697 0.005690 0.005171
0 0.636434 0.185553 0.005697 0.005171
0 0.607131 0.176638 0.005697 0.005171
0 0.611997 0.181038 0.005697 0.005171
0 0.596247 0.189139 0.005697 0.005177
0 0.591032 0.191105 0.005697 0.005171
0 0.597054 0.212405 0.005690 0.005171
0 0.583157 0.200596 0.005697 0.005171
0 0.649869 0.197009 0.005690 0.005177
0 0.611997 0.150944 0.005697 0.005171
0 0.622621 0.167723 0.005697 0.005171
0 0.493184 0.085147 0.006126 0.006664
0 0.442795 0.084816 0.006126 0.006671
0 0.430985 0.089538 0.006126 0.006671
0 0.439460 0.094397 0.006119 0.006664
