0 0.858659 0.983900 0.034508 0.031770
0 0.175936 0.907015 0.018076 0.018048
0 0.761478 0.991513 0.036387 0.016974
0 0.112578 0.993631 0.031588 0.012738
0 0.578868 0.616995 0.040968 0.041499
0 0.733925 0.919844 0.038267 0.033629
0 0.593844 0.455178 0.041458 0.040636
0 0.727315 0.782426 0.036501 0.043678
0 0.337831 0.232254 0.019777 0.019340
0 0.720543 0.885415 0.040227 0.033544
0 0.153269 0.969652 0.018210 0.019781
0 0.173570 0.961201 0.018424 0.020101
0 0.523412 0.385553 0.034188 0.032321
0 0.657009 0.581490 0.022442 0.019692
0 0.536926 0.419506 0.035075 0.032515
