0 0.206903 0.858313 0.021258 0.020567
0 0.025872 0.491685 0.025859 0.023985
0 0.054447 0.493666 0.007705 0.006944
0 0.067929 0.495073 0.020783 0.025848
0 0.239576 0.942597 0.015459 0.014060
0 0.101474 0.483294 0.014050 0.015054
0 0.218221 0.896771 0.023656 0.018898
0 0.225653 0.910910 0.018747 0.018602
0 0.211617 0.878332 0.024433 0.019179
0 0.231458 0.929266 0.017883 0.014860
0 0.088253 0.490270 0.019498 0.023661
0 0.511650 0.845022 0.025524 0.029665
0 0.115931 0.483712 0.014228 0.017511
0 0.458693 0.533961 0.029082 0.029530
0 0.181901 0.788834 0.024341 0.026242
