0 0.219443 0.900312 0.013390 0.014612
0 0.214323 0.884411 0.013368 0.014772
0 0.585540 0.944331 0.025105 0.019506
0 0.556435 0.862137 0.024325 0.020042
0 0.595143 0.961550 0.019863 0.015213
0 0.024989 0.489071 0.026944 0.025437
0 0.189266 0.810289 0.026370 0.025388
0 0.233309 0.940961 0.025819 0.021201
0 0.568504 0.903594 0.022421 0.020775
0 0.198060 0.835469 0.025713 0.025232
0 0.063835 0.487090 0.008681 0.006588
0 0.210015 0.869871 0.015165 0.014643
0 0.101632 0.481565 0.015108 0.012971
0 0.204939 0.855306 0.016370 0.014297
0 0.565380 0.881780 0.028639 0.021790
0 0.054768 0.487893 0.007841 0.007618
