0 0.325773 0.372587 0.018029 0.018096
0 0.237886 0.401327 0.018359 0.020392
0 0.074933 0.433796 0.016708 0.018264
0 0.185907 0.512335 0.022184 0.018175
0 0.328024 0.828108 0.014267 0.015879
0 0.248357 0.274138 0.016176 0.016741
0 0.013203 0.450854 0.026237 0.029087
0 0.067570 0.073687 0.016372 0.013432
0 0.121428 0.625431 0.013807 0.012632
0 0.332654 0.203337 0.017783 0.015801
0 0.173452 0.835924 0.022962 0.021075
0 0.087478 0.644546 0.018841 0.020459
0 0.207128 0.131114 0.023841 0.018443
0 0.256803 0.195431 0.020134 0.017660
0 0.202643 0.860451 0.021232 0.020454
0 0.277203 0.812996 0.021999 0.018947
0 0.415440 0.192926 0.020969 0.023735
0 0.061968 0.477394 0.017912 0.018998
0 0.242352 0.743645 0.018275 0.020437
0 0.107164 0.491092 0.020050 0.018331
0 0.296585 0.118617 0.023539 0.020582
0 0.244113 0.332970 0.021697 0.024026
0 0.338807 0.266599 0.019183 0.017296
0 0.222786 0.318883 0.018785 0.018919
0 0.378485 0.267422 0.014216 0.018449
