0 0.334943 0.112773 0.004660 0.004746
0 0.520265 0.187511 0.006134 0.006803
0 0.415405 0.132829 0.007775 0.007225
0 0.732338 0.106974 0.015216 0.016463
0 0.515589 0.182916 0.006901 0.007160
0 0.576336 0.168763 0.007349 0.007808
0 0.590602 0.171326 0.006237 0.006722
0 0.330931 0.114798 0.004660 0.004746
0 0.334646 0.133313 0.004660 0.004746
0 0.331585 0.143199 0.004660 0.004746
0 0.332659 0.138467 0.004444 0.006004
0 0.279387 0.162513 0.005265 0.005535
0 0.686830 0.174158 0.004417 0.005572
0 0.608375 0.163577 0.004590 0.004984
0 0.600697 0.187891 0.004590 0.004984
0 0.589087 0.180119 0.005259 0.005313
0 0.526253 0.189444 0.004590 0.004989
0 0.445940 0.167694 0.006890 0.007743
0 0.602621 0.181218 0.005945 0.006172
0 0.402967 0.151539 0.006053 0.006749
0 0.405108 0.144344 0.005821 0.006733
0 0.283110 0.176080 0.006890 0.006156
0 0.319341 0.129676 0.006890 0.006156
0 0.332765 0.104849 0.006890 0.006156
0 0.340124 0.099654 0.006890 0.006156
0 0.340988 0.107878 0.006890 0.006156
0 0.361342 0.100518 0.006884 0.006156
0 0.338310 0.116806 0.005583 0.006409
0 0.335567 0.127670 0.005583 0.006409
0 0.582071 0.206855 0.005275 0.004822
0 0.586833 0.206552 0.005275 0.004822
0 0.670737 0.167964 0.008947 0.007765
0 0.647370 0.161768 0.009039 0.009033
0 0.331039 0.127983 0.005599 0.005502
0 0.391015 0.125624 0.007181 0.008720
0 0.675688 0.151099 0.006884 0.007284
0 0.674258 0.159217 0.008947 0.007765
0 0.692395 0.153199 0.005805 0.006463
0 0.592829 0.161941 0.005443 0.006312
