0 0.803856 0.409421 0.005617 0.005497
0 0.799707 0.413690 0.005617 0.005497
0 0.796308 0.418485 0.005617 0.005497
0 0.793446 0.422462 0.005617 0.005497
0 0.789058 0.426906 0.005617 0.005497
0 0.784839 0.432053 0.005617 0.005497
0 0.781861 0.436205 0.005617 0.005497
0 0.778291 0.440006 0.005617 0.005497
0 0.774014 0.445795 0.005617 0.005497
0 0.769865 0.450883 0.005617 0.005497
0 0.763019 0.445386 0.005617 0.005497
0 0.770392 0.459830 0.005617 0.005497
0 0.766466 0.456088 0.005617 0.005497
0 0.762019 0.452287 0.005617 0.005497
0 0.758046 0.449538 0.005617 0.005497
0 0.753885 0.445795 0.005617 0.005497
0 0.794184 0.377298 0.005617 0.005497
0 0.789959 0.382304 0.005617 0.005497
0 0.852779 0.350371 0.005547 0.005444
0 0.849497 0.354863 0.005547 0.005444
0 0.844652 0.358401 0.005547 0.005444
0 0.841281 0.364278 0.005547 0.005444
0 0.837823 0.368424 0.005547 0.005444
0 0.770655 0.404126 0.005547 0.005444
0 0.775149 0.400497 0.005547 0.005439
0 0.779386 0.395573 0.005547 0.005439
0 0.782235 0.390997 0.005547 0.005444
0 0.786472 0.386158 0.005547 0.005439
0 0.790363 0.382357 0.005547 0.005439
0 0.793991 0.377348 0.005547 0.005444
0 0.832885 0.373804 0.005547 0.005444
0 0.829912 0.378009 0.005547 0.005444
0 0.825061 0.382985 0.005547 0.005444
0 0.822569 0.386968 0.005547 0.005444
0 0.818584 0.392067 0.005547 0.005444
0 0.814977 0.395675 0.005541 0.005444
0 0.811118 0.400152 0.005547 0.005439
0 0.807636 0.404880 0.005547 0.005444
0 0.803774 0.409482 0.005547 0.005444
0 0.799795 0.414333 0.005547 0.005439
0 0.796431 0.418313 0.005547 0.005444
0 0.792697 0.422915 0.005547 0.005444
0 0.789339 0.427272 0.005547 0.005444
0 0.784734 0.432120 0.005547 0.005444
0 0.781744 0.436477 0.005547 0.005444
0 0.777765 0.441202 0.005547 0.005444
0 0.774026 0.446178 0.005547 0.005444
0 0.763324 0.445430 0.005547 0.005444
0 0.770047 0.451155 0.005547 0.005444
0 0.770421 0.460360 0.005547 0.005444
0 0.766314 0.456129 0.005547 0.005439
0 0.761580 0.453020 0.005547 0.005444
0 0.757601 0.449535 0.005547 0.005444
0 0.787057 0.386374 0.005617 0.005497
0 0.753493 0.445927 0.005547 0.005444
0 0.611205 0.699734 0.005547 0.005444
0 0.615307 0.703769 0.005547 0.005444
0 0.639108 0.736327 0.006267 0.006491
0 0.783066 0.391462 0.005617 0.005497
0 0.779772 0.395380 0.005617 0.005497
0 0.775231 0.400620 0.005617 0.005497
0 0.770456 0.404222 0.005617 0.005497
0 0.347282 0.774105 0.006267 0.006491
0 0.635170 0.726687 0.006267 0.006497
0 0.628830 0.723874 0.006273 0.006497
0 0.622288 0.719254 0.006273 0.006497
0 0.614365 0.719374 0.006273 0.006491
0 0.342803 0.766404 0.006273 0.006491
0 0.348540 0.766763 0.006267 0.006497
0 0.453739 0.313775 0.005734 0.006579
0 0.455892 0.303564 0.005734 0.006579
0 0.456963 0.298190 0.005734 0.006579
0 0.459473 0.284939 0.005734 0.006579
0 0.460731 0.279740 0.005734 0.006579
0 0.461445 0.274190 0.005734 0.006579
0 0.463060 0.267383 0.005734 0.006579
0 0.526504 0.306433 0.010948 0.010982
0 0.459114 0.285482 0.005740 0.006579
0 0.461223 0.273962 0.005734 0.006579
0 0.462522 0.267143 0.005734 0.006579
0 0.852545 0.350292 0.005617 0.005497
0 0.849386 0.354918 0.005617 0.005497
0 0.845231 0.358719 0.005617 0.005497
0 0.841363 0.364216 0.005617 0.005497
0 0.837560 0.368661 0.005617 0.005497
0 0.833171 0.373807 0.005617 0.005497
0 0.829783 0.377550 0.005617 0.005497
0 0.826150 0.381936 0.005617 0.005497
0 0.822346 0.386906 0.005617 0.005497
0 0.818315 0.391292 0.005617 0.005497
0 0.814740 0.395795 0.005617 0.005497
0 0.811170 0.400415 0.005617 0.005497
0 0.807256 0.404801 0.005617 0.005497
0 0.337417 0.773652 0.006267 0.006497
0 0.521495 0.318754 0.010948 0.010982
0 0.451966 0.321061 0.005734 0.006579
0 0.524889 0.306263 0.010948 0.010982
0 0.453101 0.313728 0.005734 0.006579
0 0.455541 0.303827 0.005734 0.006579
0 0.457004 0.298307 0.005734 0.006579
0 0.460573 0.279968 0.005734 0.006579
